AGE00135039	[(1885, 140.95068493150686, 239.1023102310231)]
AGE00147708	[(1888, 112.202216066482, 235.26315789473685)]
AGE00147709	[(1887, 96.2958904109589, 183.53424657534248)]
AGE00147713	[(1880, 79.93939393939394, 207.63287671232877),]
AGE00147715	[(1887, 113.0, 266.73366834170855)]
AGE00147716	[(1886, 132.72980501392757, 223.22033898305085)]
AGE00147717	[(1885, 75.76415094339623, 235.5693641618497)]
AGE00147720	[(1888, 56.67289719626168, 219.3827160493827)]
ASN00015540	[(1885, 118.48901098901099, 296.6849315068493)]
ASN00023000	[(1889, 120.32054794520548, 217.01643835616437)]
ASN00040214	[(1889, 160.23013698630137, 255.94794520547944)]
ASN00048013	[(1887, 126.83013698630137, 272.827397260274)]
ASN00048030	[(1882, 112.65650969529086, NaN)]
ASN00052026	[(1882, 115.3125, 297.55670103092785)]
ASN00055023	[(1882, 111.65530303030303, 296.70075757575756)]
ASN00056017	[(1881, 67.28289473684211, 220.68975903614458)]
ASN00063004	[(1887, 70.53076923076924, 198.77692307692308)]
ASN00065016	[(1888, 90.10655737704919, 270.70652173913044)]
ASN00066062	[(1880, 133.54918032786884, 208.04918032786884),]
ASN00072151	[(1887, 69.52631578947368, 232.8345864661654)]
ASN00074128	[(1881, 77.69871794871794, 235.74679487179486)]
ASN00086071	[(1887, 99.77260273972603, 190.45753424657534)]
ASN00090015	[(1882, 100.55068493150685, 192.75068493150684)]
ASN00094029	[(1888, 71.76923076923077, 167.4010989010989)]
AU000005010	[(1885, 45.26301369863014, 121.13972602739726)]
AU000005901	[(1888, 45.44535519125683, 121.6775956284153)]
AU000006306	[(1888, 44.20765027322405, 128.1830601092896)]
AU000011801	[(1886, 46.57534246575342, 130.83013698630137)]
AU000015410	[(1889, -92.98904109589041, -49.03013698630137)]
BE000006447	[(1883, 55.04383561643836, 131.2986301369863)]
CA001104468	[(1882, -7.285714285714286, 64.16666666666667)]
CA001167635	[(1883, 27.09880239520958, 65.0754716981132)]
CA003012195	[(1881, -70.70890410958904, 44.43728813559322)]
CA003034480	[(1886, -18.898630136986302, 123.8986301369863)]
CA003072145	[(1886, -114.51461988304094, 34.771929824561404)]
CA004016320	[(1886, -53.12054794520548, 74.22465753424657)]
CA004016560	[(1883, -239.83870967741936, -107.35483870967742)]
CA004019070	[(1884, -90.084388185654, 33.244725738396625)]
CA004040420	[(1882, -117.61224489795919, 3.326530612244898)]
CA005011760	[(1884, -83.2103825136612, 45.00819672131148)]
CA005012279	[(1887, -128.82165605095543, 67.60915492957747)]
CA005012520	[(1886, -79.04383561643836, 63.30958904109589)]
CA005012540	[(1887, -68.47123287671234, 77.0989010989011)]
CA005022547	[(1885, -52.68904593639576, 78.85159010600707)]
CA005022790	[(1885, -71.55524861878453, 67.57617728531856)]
CA005023243	[(1882, -50.40821917808219, 72.06575342465753)]
CA005030556	[(1889, 37.0, 82.46892655367232)]
CA0050520EE	[(1889, -184.55737704918033, NaN)]
CA005063350	[(1885, -177.6086956521739, -117.81521739130434)]
CA006046588	[(1882, -33.67123287671233, 78.12602739726027)]
CA006059475	[(1889, -63.4027397260274, 75.52054794520548)]
CA006068148	[(1889, 1.9743589743589745, 105.82934131736526)]
CA006075400	[(1882, -189.00757575757575, -64.71212121212122)]
CA006085023	[(1886, 17.48971193415638, 141.3827160493827)]
CA006100969	[(1885, 28.350993377483444, 122.58940397350993)]
CA006101872	[(1885, -6.901369863013699, 97.46301369863014)]
CA006104185	[(1888, 12.972677595628415, 101.71584699453553)]
CA006105887	[(1881, -50.064516129032256, 55.70322580645161)]
CA006106362	[(1883, -23.26795580110497, 99.43093922651934)]
CA006108060	[(1886, -40.9013698630137, 95.21643835616439)]
CA006110549	[(1881, 8.81043956043956, 124.85989010989012)]
CA006110605	[(1885, -32.0986301369863, 80.13424657534246)]
CA006111766	[(1888, -18.263736263736263, 103.48901098901099)]
CA006112171	[(1885, -2.304109589041096, 86.47802197802197)]
CA006113000	[(1884, -4.975342465753425, 106.88219178082191)]
CA006113660	[(1881, -36.8159509202454, 115.2469512195122)]
CA006116128	[(1885, -24.057692307692307, 84.68406593406593)]
CA006116254	[(1888, -22.93169398907104, 89.86065573770492)]
CA006119064	[(1886, -7.451086956521739, 124.64673913043478)]
CA006120315	[(1889, 25.375342465753423, 123.16438356164383)]
CA006122845	[(1885, 10.95068493150685, 97.8986301369863)]
CA006124127	[(1884, 23.370473537604457, 117.70752089136491)]
CA006127887	[(1880, 18.505494505494507, 113.56593406593407),]
CA006129850	[(1888, 7.644808743169399, 112.41256830601093)]
CA006131388	[(1889, 43.74390243902439, 166.109756097561)]
CA006136335	[(1889, 33.01176470588236, 88.4)]
CA006136643	[(1884, 30.7103825136612, 112.6256830601093)]
CA006136694	[(1881, 32.95068493150685, 141.92876712328768)]
CA006137147	[(1887, 17.754820936639117, 132.54820936639118)]
CA006137735	[(1887, 19.30031948881789, 124.6964856230032)]
CA006139445	[(1884, 14.603351955307263, 118.70111731843575)]
CA006139520	[(1881, 36.16932907348243, 149.65495207667732)]
CA006140941	[(1885, -4.590909090909091, 111.2215909090909)]
CA006141095	[(1887, 6.583333333333333, 126.91944444444445)]
CA006141843	[(1880, -63.21739130434783, 29.119565217391305),]
CA006142284	[(1886, 5.989041095890411, 104.04109589041096)]
CA006143083	[(1882, 28.480555555555554, 119.77285318559557)]
CA006143780	[(1881, 27.395833333333332, 128.03424657534248)]
CA006144470	[(1887, 1.1628664495114007, 108.9640522875817)]
CA006144505	[(1885, 1.5041095890410958, 103.7972602739726)]
CA006148100	[(1887, 3.451523545706371, 115.42382271468144)]
CA006149625	[(1883, -10.641456582633053, 109.27731092436974)]
CA006150913	[(1882, 12.510263929618768, 109.32058823529412)]
CA006152007	[(1889, 20.15068493150685, 128.2)]
CA006153192	[(1886, 6.336986301369863, 132.7123287671233)]
CA006155876	[(1884, 8.132231404958677, 118.10989010989012)]
CA006158350	[(1885, 4.287671232876712, 98.61643835616438)]
CA006160465	[(1882, -54.561797752808985, 46.70454545454545)]
CA006164297	[(1887, -21.567307692307693, 84.54304635761589)]
CA006164430	[(1886, -9.221917808219178, 113.05205479452054)]
CA006165195	[(1886, -114.98360655737704, -3.7868852459016393)]
CA006165716	[(1884, 9.829090909090908, 144.04727272727274)]
CA006166416	[(1886, -3.6016483516483517, 118.82142857142857)]
CA007016280	[(1886, -18.372602739726027, 80.73424657534247)]
CA007021952	[(1884, -29.80327868852459, 78.33060109289617)]
CA007021954	[(1882, -11.91388888888889, 101.48055555555555)]
CA007023240	[(1883, -11.355371900826446, 90.92561983471074)]
CA007025280	[(1883, -1.9698630136986301, 89.47123287671234)]
CA007026465	[(1880, -5.803827751196172, 128.2488038277512),]
CA007050200	[(1881, -13.386430678466077, 49.32941176470588)]
CA007050790	[(1882, -7.167123287671233, 62.221917808219175)]
CA007056067	[(1885, -29.1768115942029, 52.0986301369863)]
CA007061440	[(1882, -40.89310344827586, 87.53793103448275)]
CA008100500	[(1883, -48.42238267148014, 75.35018050541517)]
CA008100990	[(1882, -20.30958904109589, 94.05205479452054)]
CA008101170	[(1882, -28.766016713091922, 75.79329608938548)]
CA008101700	[(1886, -10.26849315068493, 104.33150684931506)]
CA008103100	[(1881, 50.29447852760736, 112.37423312883436)]
CA008104600	[(1881, 17.89041095890411, 102.13698630136986)]
CA008104800	[(1885, -2.3917808219178083, 91.63561643835617)]
CA008105600	[(1889, 2.9367469879518073, 112.89714285714285)]
CA008200300	[(1881, -3.6955128205128207, 103.0576923076923)]
CA008202198	[(1885, 16.12876712328767, 112.56164383561644)]
CA008204420	[(1889, 31.073972602739726, 121.66575342465754)]
CA008205698	[(1883, -3.2986301369863016, 96.9068493150685)]
CA008205988	[(1884, -3.284507042253521, 104.46796657381616)]
CA008206410	[(1882, 10.143250688705233, 101.63461538461539)]
CA008206490	[(1886, 18.29106628242075, 111.35795454545455)]
CA008300298	[(1882, -1.1232876712328768, 85.38356164383562)]
CA008300441	[(1886, -4.082191780821918, 96.7972602739726)]
CA008403500	[(1886, 9.115068493150686, 96.6)]
CA008403635	[(1889, 55.34975369458128, 126.0935960591133)]
CE000043497	[(1885, 234.4931506849315, 290.8109589041096)]
CE000434730	[(1888, 98.73770491803279, 205.29508196721312)]
CYE00100074	[(1887, 118.9041095890411, 262.6191780821918)]
DA000021100	[(1883, 49.775342465753425, 100.41643835616438)]
DA000025140	[(1881, 36.895890410958906, 91.91780821917808)]
DA000027080	[(1888, 34.885245901639344, 90.30054644808743)]
DA000030380	[(1888, 29.05191256830601, 98.2103825136612)]
DA000032030	[(1882, 61.726027397260275, 107.42191780821918)]
EGE00147732	[(1889, 157.96164383561643, 277.34520547945203)]
EI000003969	[(1888, 46.81693989071038, 120.55191256830601)]
EIE00101859	[(1887, 65.73972602739725, 137.96712328767123)]
EZE00100082	[(1882, 61.273972602739725, 129.17808219178082)]
FRE00104937	[(1884, NaN, 9990.0)]
GG000037545	[(1887, 77.95616438356164, NaN)]
GLE00100981	[(1881, -74.66575342465754, NaN)]
GM000002698	[(1884, 62.89890710382514, 146.99180327868854)]
GM000003319	[(1881, 48.38082191780822, 125.21095890410959)]
GM000004063	[(1887, 29.6, 123.26027397260275)]
GM000004199	[(1880, 40.26229508196721, 124.02732240437159),]
GM000004204	[(1887, 25.56986301369863, 123.42191780821918)]
GM000010962	[(1888, 23.85792349726776, 90.70491803278688)]
GMW00035032	[(1884, 64.76775956284153, 144.83879781420765)]
HR000142360	[(1887, 65.84383561643835, 146.3123287671233)]
HRE00105189	[(1888, 126.94535519125684, NaN)]
ITE00100550	[(1883, 100.73698630136987, 163.33424657534246)]
ITE00100554	[(1888, 83.19945355191257, 166.2486338797814)]
RSM00022550	[(1883, -7.616438356164384, 45.11506849315069)]
RSM00024959	[(1889, -110.3490909090909, NaN)]
RSM00026063	[(1889, 8.145205479452056, 78.76986301369863)]
RSM00026477	[(1889, 3.8550724637681157, 106.2316715542522)]
RSM00028440	[(1888, -43.18852459016394, 89.72540983606558)]
RSM00031369	[(1881, -260.82142857142856, NaN)]
RSM00032061	[(1882, -40.583561643835615, NaN)]
RSM00032071	[(1887, -69.23988439306359, NaN)]
RSM00034880	[(1889, -113.19354838709677, -62.516129032258064)]
RSM00037472	[(1889, 82.81818181818181, NaN)]
SZ000006717	[(1883, -42.95890410958904, 7.794520547945205)]
UK000000000	[(1885, 47.46027397260274, 124.45753424657535)]
UK000003026	[(1886, 39.298630136986304, 102.2)]
UK000047811	[(1882, 53.42739726027397, 123.57260273972602)]
UK000056225	[(1886, 55.8027397260274, 129.5945205479452)]
UPM00033345	[(1884, 39.88486842105263, 107.02302631578948)]
UPM00033587	[(1888, 20.06528189910979, 127.1839762611276)]
UPM00033910	[(1886, 56.92328767123288, NaN)]
UPM00033946	[(1886, 87.04081632653062, NaN)]
UPM00033976	[(1883, 48.14150943396226, 90.39150943396227)]
USC00015555	[(1888, 134.47267759562843, 239.44535519125682)]
USC00034251	[(1888, 110.41436464088397, 212.5785123966942)]
USC00034562	[(1889, 158.89221556886227, 286.47513812154693)]
USC00034988	[(1883, 145.61290322580646, 247.7741935483871)]
USC00035186	[(1886, 180.4240506329114, 301.6158536585366)]
USC00035754	[(1885, 206.44871794871796, 315.716814159292)]
USC00043157	[(1886, 28.980821917808218, 159.52307692307693)]
USC00047738	[(1883, 124.55068493150685, 205.0027397260274)]
USC00064767	[(1885, 31.34246575342466, 148.68493150684932)]
USC00067361	[(1889, 48.870523415977964, 145.62809917355372)]
USC00068138	[(1889, 40.797260273972604, 129.39221556886227)]
USC00090284	[(1889, -20.130434782608695, NaN)]
USC00173046	[(1888, 13.254098360655737, 109.41256830601093)]
USC00175070	[(1889, -33.22222222222222, 235.21428571428572)]
USC00176655	[(1885, 86.89671361502347, 142.33802816901408)]
USC00176902	[(1887, 26.54794520547945, 110.62739726027397)]
USC00191097	[(1888, 33.37640449438202, 120.958217270195)]
USC00191650	[(1887, 46.43013698630137, 128.91232876712328)]
USC00191820	[(1885, 30.115068493150684, 114.02465753424657)]
USC00194405	[(1886, 120.17934782608695, 194.80978260869566)]
USC00196988	[(1886, 31.02747252747253, 111.13150684931507)]
USC00198374	[(1889, 56.97260273972603, 157.0986301369863)]
USC00198375	[(1888, 23.846575342465755, 138.82465753424657)]
USC00199731	[(1888, -13.395744680851063, 114.7827868852459)]
USC00200146	[(1887, 48.49065420560748, 176.39252336448598)]
USC00264939	[(1885, 38.83988764044944, 180.15168539325842)]
USC00271682	[(1883, 10.263013698630138, 137.95342465753424)]
USC00275072	[(1889, 28.701219512195124, 132.54954954954954)]
USC00279307	[(1887, -2.646067415730337, 111.61148648648648)]
USC00287865	[(1882, 80.18082191780822, 149.3945205479452)]
USC00298072	[(1887, 35.277472527472526, 160.9945205479452)]
USC00301010	[(1886, 40.44931506849315, 120.83561643835617)]
USC00319191	[(1888, 88.59228650137742, 206.11845730027548)]
USC00319462	[(1887, 117.25205479452055, 219.88219178082193)]
USC00331662	[(1882, 56.27945205479452, 138.2)]
USC00338366	[(1883, 47.66301369863014, 137.5945205479452)]
USC00343300	[(1887, 97.69315068493151, 227.2958904109589)]
USC00348285	[(1888, 22.0, 183.0)]
USC00354506	[(1889, 20.49173553719008, 159.85185185185185)]
USC00354670	[(1887, 30.09090909090909, 183.9878787878788)]
USC00367239	[(1888, 29.887978142076502, 148.04644808743168)]
USC00383742	[(1888, 147.19626168224298, 281.06542056074767)]
USC00411888	[(1882, 166.33870967741936, NaN)]
USC00413257	[(1881, 115.32463768115942, 221.04347826086956)]
USC00413270	[(1880, 71.58677685950413, 215.95867768595042)]
USC00419421	[(1888, 162.06405693950177, 278.83274021352315)]
USC00431072	[(1886, -65.1328125, 89.93928571428572)]
USC00456109	[(1887, 47.15890410958904, 144.1205479452055)]
USC00464045	[(1889, -20.903225806451612, 65.06451612903226)]
USC00474375	[(1888, 13.368852459016393, 109.17213114754098)]
USC00474966	[(1885, 13.775342465753425, 101.23013698630137)]
USC00475484	[(1886, 25.397260273972602, 115.37808219178082)]
USW00013724	[(1885, 65.78630136986301, 145.06575342465754)]
USW00013872	[(1887, 79.34979423868313, 184.89711934156378)]
USW00014838	[(1887, 9.625748502994012, 103.06586826347305)]
USW00014936	[(1882, 5.947945205479452, 133.3178082191781)]
USW00014971	[(1889, 30.79940119760479, 172.4311377245509)]
USW00023271	[(1881, 99.56164383561644, 214.45479452054795)]
USW00024121	[(1889, -28.528767123287672, 222.62191780821917)]
USW00024128	[(1882, 4.421917808219178, 159.96438356164384)]
USW00024157	[(1889, 31.348684210526315, 149.05882352941177)]
USW00024274	[(1886, 70.46027397260274, 171.4931506849315)]
USW00053875	[(1886, 92.25205479452055, 199.3068493150685)]
USW00093725	[(1888, 73.0464480874317, 169.28415300546447)]
USW00093852	[(1881, 173.5917808219178, 257.9013698630137)]
USW00094728	[(1884, 75.69398907103825, 149.17534246575343)]
UZM00038457	[(1881, 116.0, 240.63837638376384)]
UZM00038618	[(1882, 55.016666666666666, NaN)]
