AGE00147705	[(1889, 144.26666666666668, 220.3910447761194)]
AGE00147708	[(1886, 128.05498281786942, 255.4794520547945)]
AGE00147709	[(1885, 97.69041095890411, 197.72754491017963)]
AGE00147711	[(1889, 88.80877742946709, 197.95731707317074)]
AGE00147712	[(1888, 106.9882697947214, 249.09117647058824)]
AGE00147713	[(1887, 82.69578313253012, 205.98159509202455)]
AGE00147716	[(1884, 128.09562841530055, 219.10655737704917)]
AGE00147717	[(1883, 90.51785714285714, 238.77380952380952)]
AGE00147718	[(1882, 139.66575342465754, 271.7698630136986)]
ASN00014016	[(1889, 240.53150684931506, 339.9972602739726)]
ASN00015540	[(1883, 120.37637362637362, 298.05753424657536)]
ASN00023000	[(1887, 114.34883720930233, 208.61739130434782)]
ASN00026026	[(1888, 91.42622950819673, 189.2431693989071)]
ASN00040214	[(1887, 149.9368131868132, 245.013698630137)]
ASN00048013	[(1885, 132.01373626373626, 297.6732394366197)]
ASN00048030	[(1889, 154.96986301369864, 288.18630136986303)]
ASN00052026	[(1880, 127.46666666666667, 278.89722222222224),]
ASN00055023	[(1880, 49.127946127946124, 287.1986531986532),]
ASN00056017	[(1888, 89.43989071038251, 220.39890710382514)]
ASN00063004	[(1885, 62.130434782608695, 219.4496124031008)]
ASN00065016	[(1886, 94.63013698630137, 237.76954732510288)]
ASN00066062	[(1887, 138.22739726027396, 202.7917808219178)]
ASN00072151	[(1885, 80.72757475083057, 240.53177257525084)]
ASN00074128	[(1888, 67.95806451612903, 272.84565916398714)]
ASN00086071	[(1885, 95.03835616438356, 189.72602739726028)]
ASN00090015	[(1880, 104.39617486338798, 193.89890710382514),]
ASN00094029	[(1886, 73.71232876712328, 164.13150684931506)]
AU000005010	[(1883, 45.8027397260274, 116.21917808219177)]
AU000005901	[(1886, 55.74794520547945, 133.94794520547944)]
AU000006306	[(1886, 54.345205479452055, 139.14520547945204)]
AU000011801	[(1884, 44.5, 126.22131147540983)]
AU000015410	[(1887, -98.05479452054794, -49.83561643835616)]
BE000006447	[(1881, 49.276712328767125, 126.63287671232877)]
CA001104468	[(1880, 32.540192926045016, 117.016077170418)]
CA003012195	[(1888, -47.060109289617486, 77.54098360655738)]
CA003031093	[(1881, -121.71641791044776, 17.029850746268657)]
CA003034480	[(1884, -19.391534391534393, 92.45081967213115)]
CA003050520	[(1888, -134.1931818181818, -7.034090909090909)]
CA003072145	[(1884, -4.292887029288703, 141.5774058577406)]
CA003072657	[(1888, -49.58361774744027, 34.59154929577465)]
CA004016320	[(1884, -70.48189415041783, 48.51532033426184)]
CA004040420	[(1880, -102.40963855421687, 62.44159544159544)]
CA004056230	[(1889, -69.85474860335195, 86.45251396648045)]
CA005011760	[(1882, -57.06849315068493, 61.945205479452056)]
CA005012520	[(1884, -82.37362637362638, 41.797814207650276)]
CA005012540	[(1885, -10.889795918367346, 133.3045267489712)]
CA005022547	[(1883, -87.62191780821918, 52.6986301369863)]
CA005022790	[(1883, -68.53221288515407, 46.39171974522293)]
CA005023243	[(1880, -65.84426229508196, 57.47540983606557),]
CA005062047	[(1884, NaN, -45.0)]
CA005063350	[(1883, -220.9880239520958, -130.67664670658684)]
CA006046588	[(1880, -53.23224043715847, 65.81420765027322),]
CA006068148	[(1887, -1.7933884297520661, 137.39303482587064)]
CA006075400	[(1880, -72.24793388429752, 34.92286501377411),]
CA006094450	[(1880, 5.4316939890710385, 98.09289617486338),]
CA006101872	[(1883, -8.975342465753425, 103.96712328767123)]
CA006102417	[(1884, -1.6254295532646048, 134.7344827586207)]
CA006104185	[(1886, 16.621917808219177, 106.18082191780822)]
CA006105887	[(1888, -8.375342465753425, 95.47945205479452)]
CA006106362	[(1881, 1.4945054945054945, 122.85989010989012)]
CA006107003	[(1888, -14.48396501457726, 117.25217391304348)]
CA006108060	[(1884, -35.37158469945355, 95.30874316939891)]
CA006110605	[(1883, -38.99178082191781, 84.86301369863014)]
CA006111766	[(1886, 7.115068493150685, 113.07945205479452)]
CA006112171	[(1883, -0.7890410958904109, 85.69315068493151)]
CA006113000	[(1882, 4.233516483516484, 107.68406593406593)]
CA006116128	[(1883, -14.199445983379501, 92.14681440443213)]
CA006116254	[(1886, -13.901369863013699, 99.72876712328767)]
CA006120315	[(1887, 18.087912087912088, 124.91208791208791)]
CA006122845	[(1883, 17.027397260273972, 102.45479452054795)]
CA006124127	[(1882, NaN, 123.76571428571428)]
CA006127887	[(1887, 5.071232876712329, 105.65205479452055)]
CA006129850	[(1886, 14.013698630136986, 119.7041095890411)]
CA006136643	[(1882, 39.36164383561644, 120.38356164383562)]
CA006136694	[(1888, 16.398907103825138, 110.1775956284153)]
CA006137147	[(1885, -12.209302325581396, 69.23529411764706)]
CA006137735	[(1885, 4.779552715654952, 108.78594249201278)]
CA006139445	[(1882, -21.66393442622951, 72.9672131147541)]
CA006140941	[(1883, -42.121212121212125, 69.74242424242425)]
CA006141095	[(1885, 13.86, 131.32)]
CA006141843	[(1887, 2.8493150684931505, 112.75068493150685)]
CA006142252	[(1889, 24.79874213836478, 117.99371069182389)]
CA006142993	[(1886, 13.12054794520548, 121.44383561643835)]
CA006143083	[(1889, 9.389972144846796, 126.08100558659218)]
CA006143780	[(1888, 7.5182926829268295, 121.52134146341463)]
CA006144470	[(1885, -6.305882352941176, 105.81231671554252)]
CA006144505	[(1883, 27.326797385620914, 139.52287581699346)]
CA006148100	[(1885, -7.5917808219178085, 98.1945205479452)]
CA006149625	[(1881, 11.246575342465754, 133.74246575342465)]
CA006150913	[(1880, 27.158640226628894, 120.84426229508196)]
CA006152007	[(1887, 12.052631578947368, 122.31024930747922)]
CA006153192	[(1884, 10.376373626373626, 137.3598901098901)]
CA006155876	[(1882, 18.941176470588236, 106.59663865546219)]
CA006158350	[(1883, 6.402739726027397, 100.95616438356164)]
CA006160465	[(1889, -58.21951219512195, 35.25609756097561)]
CA006164297	[(1885, -26.06687898089172, 100.6118881118881)]
CA006164430	[(1884, -9.92054794520548, 113.1978021978022)]
CA006165716	[(1882, 13.695652173913043, 168.1604938271605)]
CA006166416	[(1884, 11.141643059490084, 123.11614730878188)]
CA007016280	[(1884, -16.07123287671233, 77.83835616438355)]
CA007021952	[(1882, -31.09041095890411, 74.55890410958904)]
CA007021954	[(1880, 43.382075471698116, 145.99530516431926)]
CA007023240	[(1881, 6.938028169014085, 99.94647887323944)]
CA007025280	[(1881, 20.589041095890412, 111.58082191780822)]
CA007026465	[(1887, -29.975274725274726, 99.72054794520548)]
CA007050200	[(1888, -7.076502732240437, 47.59836065573771)]
CA007050790	[(1889, 7.271232876712329, 76.8)]
CA007056067	[(1883, -43.92602739726028, 55.66301369863014)]
CA007061440	[(1880, -151.44827586206895, 11.415584415584416),]
CA008100500	[(1881, -56.85087719298246, 44.016949152542374)]
CA008100990	[(1880, -20.51912568306011, 101.30874316939891),]
CA008101170	[(1880, -11.28, 89.25287356321839),]
CA008101230	[(1880, -123.74193548387096, -24.35483870967742),]
CA008101700	[(1884, -17.846994535519126, 101.56557377049181)]
CA008101920	[(1889, 24.747945205479454, 111.55068493150685)]
CA008103825	[(1889, -8.58904109589041, 101.52328767123288)]
CA008104600	[(1888, -0.1092896174863388, 92.62295081967213)]
CA008104800	[(1883, -1.8969359331476323, 86.85793871866295)]
CA008105600	[(1887, -26.967845659163988, 94.81957186544342)]
CA008200150	[(1882, -14.825, 114.31899641577061)]
CA008202198	[(1883, 7.86027397260274, 103.6986301369863)]
CA008204420	[(1887, 12.868493150684932, 107.6)]
CA008205698	[(1881, 7.673972602739726, 96.84109589041095)]
CA008205988	[(1882, -5.458563535911602, 103.91735537190083)]
CA008206410	[(1880, -37.53947368421053, 67.92105263157895)]
CA008206490	[(1884, 26.10928961748634, 98.3415300546448)]
CA008300298	[(1880, 3.271978021978022, 91.6456043956044),]
CA008300430	[(1889, 35.3, 122.68571428571428)]
CA008300441	[(1884, -14.07103825136612, 80.57103825136612)]
CA008401125	[(1883, -33.293150684931504, NaN)]
CA008403500	[(1884, -11.084699453551913, 80.74863387978142)]
CA008500500	[(1889, -24.21511627906977, 26.441860465116278)]
CE000043497	[(1883, 233.986301369863, 300.2191780821918)]
CE000434730	[(1886, 101.28767123287672, 196.94505494505495)]
CYE00100074	[(1885, 119.03370786516854, 274.87772925764193)]
DA000021100	[(1881, 33.31506849315068, 84.86301369863014)]
DA000025140	[(1888, 41.0, 91.39071038251366)]
DA000027080	[(1886, 42.94794520547945, 103.9068493150685)]
DA000030380	[(1886, 32.4, 114.79178082191781)]
DA000032030	[(1880, 53.33879781420765, 102.08196721311475),]
EGE00147732	[(1887, 160.44383561643835, 278.4356164383562)]
EI000003969	[(1886, 47.868493150684934, 121.14520547945206)]
EIE00101859	[(1885, 63.85753424657534, 130.31506849315068)]
EZE00100082	[(1880, 58.71857923497268, 130.62568306010928),]
FRE00104937	[(1882, NaN, 9990.0)]
GG000037545	[(1885, 74.16164383561645, NaN)]
GLE00100981	[(1888, -93.74590163934427, NaN)]
GM000002698	[(1882, 58.087671232876716, 137.28493150684932)]
GM000003319	[(1888, 45.48360655737705, 115.98360655737704)]
GM000004063	[(1885, 40.59452054794521, 135.4794520547945)]
GM000004199	[(1887, 28.063013698630137, 112.16712328767123)]
GM000004204	[(1885, 31.421917808219177, 132.4986301369863)]
GM000010962	[(1886, 29.2, 100.53972602739726)]
GMW00035032	[(1882, 60.8, 136.48219178082192)]
HR000142360	[(1885, 75.21917808219177, 156.75890410958905)]
HRE00105189	[(1886, 135.986301369863, 200.75068493150684)]
ITE00100550	[(1881, 110.18356164383562, 160.73150684931508)]
ITE00100554	[(1886, 93.41369863013699, 173.64383561643837)]
KZ000035700	[(1887, NaN, 244.1138211382114)]
KZ000038198	[(1882, 99.70270270270271, NaN)]
RSM00022550	[(1881, -17.97069597069597, 42.73260073260073)]
RSM00022845	[(1886, 0.6306306306306306, NaN)]
RSM00026063	[(1887, 15.736986301369862, 80.8054794520548)]
RSM00026477	[(1887, 21.936507936507937, 109.66031746031746)]
RSM00027051	[(1883, -40.51086956521739, NaN)]
RSM00027857	[(1884, -21.366120218579233, NaN)]
RSM00028440	[(1886, -33.66849315068493, 52.320547945205476)]
RSM00029263	[(1888, -77.4375, NaN)]
RSM00031369	[(1888, -60.90633608815427, NaN)]
RSM00032061	[(1889, -66.36712328767123, NaN)]
RSM00037472	[(1887, 92.5095890410959, NaN)]
SZ000002220	[(1887, -49.70879120879121, 11.76923076923077)]
SZ000006717	[(1881, -31.063013698630137, 18.4986301369863)]
TS000060765	[(1889, 137.02191780821917, 256.3972602739726)]
TSE00147769	[(1888, 117.39520958083833, 231.70278637770897)]
TSE00147775	[(1888, 157.72727272727272, 219.51704545454547)]
UK000000000	[(1883, 52.20821917808219, 128.3232876712329)]
UK000003026	[(1884, 50.994535519125684, 109.40710382513662)]
UK000047811	[(1880, 53.3551912568306, 123.80054644808743),]
UK000056225	[(1884, 64.82513661202186, 144.28688524590163)]
UPM00033345	[(1882, 36.06575342465754, 115.91232876712328)]
USC00011685	[(1889, 180.140350877193, 310.87719298245617)]
USC00015555	[(1886, 127.41643835616438, 231.15342465753426)]
USC00030936	[(1889, 174.54807692307693, 279.0761904761905)]
USC00034251	[(1886, 104.47397260273972, 204.95342465753424)]
USC00034562	[(1887, 154.10185185185185, 320.96666666666664)]
USC00035186	[(1884, 121.38271604938272, 291.18407960199005)]
USC00043157	[(1884, 15.836065573770492, 151.80054644808743)]
USC00047738	[(1881, 117.14246575342466, 200.0027397260274)]
USC00053010	[(1883, -25.05263157894737, 130.8125)]
USC00061536	[(1886, 13.962616822429906, 139.784375)]
USC00064767	[(1883, 28.487671232876714, 145.51232876712328)]
USC00065445	[(1886, 16.52054794520548, 122.73972602739725)]
USC00067361	[(1887, 34.06868131868132, 139.78021978021977)]
USC00090284	[(1887, -24.375, NaN)]
USC00090430	[(1888, 106.56557377049181, 222.84426229508196)]
USC00117391	[(1888, -43.58064516129032, 53.45161290322581)]
USC00172740	[(1889, 22.451612903225808, 161.29032258064515)]
USC00173046	[(1886, -3.3360655737704916, 97.60655737704919)]
USC00175070	[(1887, -3.625, 242.1)]
USC00176902	[(1885, 30.627397260273973, 121.64931506849315)]
USC00177827	[(1887, 10.390728476821192, 108.95394736842105)]
USC00190830	[(1889, 64.75342465753425, 146.65753424657535)]
USC00191097	[(1886, 41.17906336088154, 132.97796143250687)]
USC00191650	[(1885, 46.49589041095891, 129.13424657534247)]
USC00192010	[(1888, 18.75414364640884, 128.95580110497238)]
USC00193110	[(1889, 30.27094972067039, 140.18055555555554)]
USC00194295	[(1889, 67.16712328767123, 135.77260273972604)]
USC00194313	[(1889, 45.137362637362635, 146.18356164383562)]
USC00194340	[(1889, 25.646575342465752, 139.0054794520548)]
USC00195145	[(1888, 134.79508196721312, 222.88333333333333)]
USC00195891	[(1886, -47.0, NaN)]
USC00196988	[(1884, -52.205882352941174, 1.3055555555555556)]
USC00198374	[(1887, 40.714285714285715, 153.85479452054796)]
USC00198375	[(1886, 34.205479452054796, 150.4986301369863)]
USC00198960	[(1889, 44.52842809364549, 147.65814696485623)]
USC00199731	[(1886, 21.972375690607734, 122.22714681440443)]
USC00201744	[(1889, 63.459016393442624, 176.40983606557376)]
USC00205065	[(1889, 32.9041095890411, 104.93972602739726)]
USC00215638	[(1888, -13.502732240437158, 86.67397260273972)]
USC00241008	[(1880, 72.0, 239.0)]
USC00254812	[(1882, -28.425, -256.275)]
USC00263040	[(1889, 27.201117318435752, 179.22128851540617)]
USC00263515	[(1888, -2.4257425742574257, 127.79)]
USC00268761	[(1889, 82.96846846846847, 187.94117647058823)]
USC00270690	[(1889, 25.65568862275449, 146.64670658682635)]
USC00271678	[(1888, 17.469945355191257, 119.47814207650273)]
USC00271682	[(1881, 32.778082191780825, 149.53150684931506)]
USC00275072	[(1887, 19.231197771587745, 123.18994413407822)]
USC00275712	[(1889, 35.8054794520548, 148.64931506849314)]
USC00276944	[(1887, -44.05434782608695, 60.76086956521739)]
USC00278440	[(1888, -10.844262295081966, 121.74590163934427)]
USC00278854	[(1888, -15.397553516819572, 105.18983050847457)]
USC00287865	[(1880, 81.6311475409836, 127.06557377049181)]
USC00288878	[(1881, -44.610169491525426, 28.64406779661017)]
USC00298072	[(1885, 30.663013698630138, 154.85479452054796)]
USC00300958	[(1888, 26.113300492610836, 81.34358974358975)]
USC00301010	[(1884, 37.549180327868854, 119.66939890710383)]
USC00307633	[(1888, 57.478142076502735, 136.0)]
USC00318500	[(1887, 21.622222222222224, 130.5888888888889)]
USC00319462	[(1885, 123.69589041095891, 220.62739726027397)]
USC00331662	[(1880, 57.42622950819672, 143.30327868852459),]
USC00338366	[(1881, 70.3013698630137, 151.23013698630137)]
USC00343300	[(1885, 70.64931506849315, 215.25479452054793)]
USC00354506	[(1887, 35.75471698113208, 187.32075471698113)]
USC00363711	[(1889, 69.56438356164384, 153.26575342465753)]
USC00367239	[(1886, 40.97534246575343, 119.57260273972602)]
USC00383742	[(1886, 153.53658536585365, 291.8)]
USC00411888	[(1889, 145.186301369863, 262.02830188679246)]
USC00419421	[(1886, 200.88717948717948, 319.3948717948718)]
USC00431072	[(1884, -66.7109375, 110.88709677419355)]
USC00444876	[(1889, 91.79906542056075, 215.83177570093457)]
USC00456109	[(1885, 59.084931506849315, 168.36438356164385)]
USC00462735	[(1889, 105.15217391304348, 166.54347826086956)]
USC00464045	[(1887, 59.90684931506849, 167.17260273972602)]
USC00474375	[(1886, 38.49589041095891, 133.27472527472528)]
USC00474966	[(1883, 16.473972602739725, 110.64109589041095)]
USC00475484	[(1884, 26.0327868852459, 110.49726775956285)]
USW00012945	[(1888, 193.45054945054946, 297.38461538461536)]
USW00013724	[(1883, 68.96438356164384, 143.73698630136985)]
USW00014838	[(1885, 14.065573770491802, 108.99346405228758)]
USW00014898	[(1888, 4.959016393442623, 98.57650273224044)]
USW00014936	[(1889, 0.3972602739726027, 138.47397260273974)]
USW00014971	[(1887, -76.07883817427386, 98.51666666666667)]
USW00023271	[(1888, 97.72328767123288, 230.53698630136986)]
USW00024128	[(1880, 2.9201183431952664, 172.28994082840237),]
USW00024274	[(1884, 64.58743169398907, 164.23224043715848)]
USW00053875	[(1884, 107.99180327868852, 208.3551912568306)]
USW00053919	[(1888, 116.6875, 242.25)]
USW00093725	[(1886, 71.98082191780821, 137.4794520547945)]
USW00093852	[(1888, 159.4808743169399, 257.344262295082)]
USW00094728	[(1882, 73.3972602739726, 146.64383561643837)]
UZM00038618	[(1889, 64.32054794520548, NaN)]
