AGE00135039	[(1884, 126.60606060606061, 215.27272727272728)]
AGE00147708	[(1887, 113.0625, 235.2840909090909)]
AGE00147709	[(1886, 96.87671232876713, 182.85555555555555)]
AGE00147712	[(1889, 91.06666666666666, 215.9455252918288)]
AGE00147713	[(1888, 74.66101694915254, 203.2130681818182)]
AGE00147715	[(1886, 99.94444444444444, 227.25)]
AGE00147716	[(1885, 135.4640522875817, 232.78758169934642)]
AGE00147717	[(1884, 84.81420765027322, 218.8870056497175)]
AGE00147718	[(1883, 127.04109589041096, 274.2225433526012)]
ASN00015540	[(1884, 126.74863387978142, 299.6639344262295)]
ASN00023000	[(1888, 121.3224043715847, 227.65027322404373)]
ASN00026026	[(1889, 94.78904109589041, 191.25753424657535)]
ASN00033046	[(1889, 224.16949152542372, 291.1551724137931)]
ASN00040214	[(1888, 148.58743169398906, 256.77868852459017)]
ASN00048013	[(1886, 127.03835616438356, 289.9972602739726)]
ASN00048030	[(1881, 90.04838709677419, 275.8774834437086)]
ASN00052026	[(1881, 127.7584541062802, 269.9466019417476)]
ASN00055023	[(1881, 66.81848184818482, 289.34653465346537)]
ASN00056017	[(1880, 75.8932584269663, 225.62640449438203),]
ASN00063004	[(1886, 66.74524714828897, 211.35361216730038)]
ASN00065016	[(1887, 89.51506849315068, 336.9032258064516)]
ASN00066062	[(1888, 133.75068493150684, 209.08219178082192)]
ASN00072151	[(1886, 83.14285714285714, 218.99293286219083)]
ASN00074128	[(1880, 85.58441558441558, 233.41479099678457),]
ASN00086071	[(1886, 90.45753424657535, 191.16712328767125)]
ASN00090015	[(1881, 102.0, 190.62465753424658)]
ASN00094029	[(1887, 77.21095890410959, 170.52328767123288)]
AU000005010	[(1884, 49.60109289617486, 124.83333333333333)]
AU000005901	[(1887, 49.16712328767123, 124.81369863013698)]
AU000006306	[(1887, 39.61095890410959, 126.2)]
AU000011801	[(1885, 40.76438356164383, 132.46849315068494)]
AU000015410	[(1888, -92.24043715846994, -45.3551912568306)]
BE000006447	[(1882, 58.172602739726024, 131.03287671232877)]
CA001104468	[(1881, 46.33482142857143, 142.12389380530973)]
CA001167635	[(1882, -33.05084745762712, 64.77966101694915)]
CA003012195	[(1880, -39.47674418604651, 76.27906976744185),]
CA003031093	[(1882, -103.86324786324786, 38.504273504273506)]
CA003034480	[(1885, -17.134246575342466, 129.39178082191782)]
CA003050520	[(1889, -86.03973509933775, 59.794701986754966)]
CA003072657	[(1889, -67.59025787965616, 24.616045845272208)]
CA004013400	[(1880, -278.11842105263156, -142.58441558441558)]
CA004016320	[(1885, -50.635616438356166, 65.96986301369863)]
CA004040420	[(1881, -102.26285714285714, 40.462857142857146)]
CA005011760	[(1883, -91.8958904109589, 37.6)]
CA005012279	[(1886, -31.484662576687118, 115.3689024390244)]
CA005012520	[(1885, -75.15426997245179, 53.0)]
CA005012540	[(1886, -60.68956043956044, 94.63013698630137)]
CA005022547	[(1884, -76.9672131147541, 57.40710382513661)]
CA005022790	[(1884, -62.24657534246575, 59.87123287671233)]
CA005023243	[(1881, -58.49315068493151, 71.68767123287671)]
CA005062047	[(1885, -315.89230769230767, -215.3030303030303)]
CA006046588	[(1881, -37.47945205479452, 77.72876712328767)]
CA006059475	[(1888, -199.5, -49.22727272727273)]
CA006068148	[(1888, -287.14814814814815, 77.61739130434782)]
CA006075400	[(1881, -67.23615160349854, 41.08163265306123)]
CA006094450	[(1881, -8.095238095238095, 86.96666666666667)]
CA006101872	[(1884, 3.210382513661202, 109.74863387978142)]
CA006102417	[(1885, -36.7108843537415, 113.5513698630137)]
CA006104185	[(1887, 18.482191780821918, 108.46301369863014)]
CA006105887	[(1880, 6.108333333333333, 120.81111111111112),]
CA006106362	[(1882, -5.529085872576177, 110.35180055401662)]
CA006107003	[(1889, -7.915966386554622, 121.88397790055248)]
CA006108060	[(1885, -49.6986301369863, 84.24383561643836)]
CA006110549	[(1880, 8.178571428571429, 116.79945054945055)]
CA006110605	[(1884, -22.3551912568306, 95.34520547945205)]
CA006111766	[(1887, 2.649315068493151, 115.52876712328766)]
CA006112171	[(1884, 11.221917808219178, 101.10684931506849)]
CA006113000	[(1883, -17.202739726027396, 93.23351648351648)]
CA006113660	[(1880, -42.06716417910448, 86.32835820895522)]
CA006116128	[(1884, -6.502732240437158, 101.21095890410959)]
CA006116254	[(1887, -18.70958904109589, 101.59178082191781)]
CA006120315	[(1888, 8.270491803278688, 112.69398907103825)]
CA006122845	[(1884, 29.07103825136612, 112.60928961748634)]
CA006124127	[(1883, 36.296551724137935, 107.92613636363636)]
CA006127887	[(1888, 0.6885245901639344, 95.17486338797814)]
CA006129850	[(1887, 15.542465753424658, 124.64109589041095)]
CA006136643	[(1883, 19.12054794520548, 104.81369863013698)]
CA006136694	[(1880, 34.068306010928964, 140.15300546448088),]
CA006137147	[(1886, 16.284122562674096, 129.47353760445682)]
CA006137735	[(1886, 18.361022364217252, 118.03833865814697)]
CA006139445	[(1883, 8.118457300275482, 115.16804407713498)]
CA006139520	[(1880, 39.3343949044586, 149.64012738853503)]
CA006140941	[(1884, 8.786703601108034, 127.65927977839335)]
CA006141095	[(1886, 6.345505617977528, 120.35028248587571)]
CA006141843	[(1888, -3.040983606557377, 102.8415300546448)]
CA006142284	[(1885, -4.3076923076923075, 96.36438356164383)]
CA006143083	[(1881, 86.99555555555555, 183.19574468085105)]
CA006143780	[(1880, -35.15533980582524, 59.22018348623853)]
CA006144470	[(1886, -6.609427609427609, 102.13898305084746)]
CA006144505	[(1884, 13.167123287671233, 119.95342465753424)]
CA006148100	[(1886, 8.073972602739726, 111.4904109589041)]
CA006149625	[(1882, 10.225274725274724, 126.48626373626374)]
CA006150913	[(1881, 22.715068493150685, 124.64931506849315)]
CA006152007	[(1888, 0.15846994535519127, 115.00819672131148)]
CA006153192	[(1885, -5.843406593406593, 121.12087912087912)]
CA006155876	[(1883, 4.183561643835616, 99.62912087912088)]
CA006158350	[(1884, 16.516393442622952, 111.07103825136612)]
CA006164297	[(1886, -22.510135135135137, 129.48598130841123)]
CA006164430	[(1885, -21.578082191780823, 98.69589041095891)]
CA006166416	[(1885, -7.942465753424657, 110.5123287671233)]
CA007016280	[(1885, -24.61917808219178, 72.4931506849315)]
CA007021952	[(1883, -45.676712328767124, 68.86027397260274)]
CA007021954	[(1881, -1.7743732590529249, 109.73184357541899)]
CA007023240	[(1882, 6.676880222841226, 99.2284122562674)]
CA007025280	[(1882, 12.953424657534246, 98.17808219178082)]
CA007026465	[(1888, -30.44931506849315, 89.19945355191257)]
CA007050200	[(1880, 20.009615384615383, 96.90291262135922),]
CA007050790	[(1881, -8.498245614035088, 50.14385964912281)]
CA007056067	[(1884, -43.81147540983606, 51.17486338797814)]
CA007061440	[(1881, -78.12307692307692, 30.653846153846153)]
CA008100500	[(1882, -21.20655737704918, 98.72786885245901)]
CA008100990	[(1881, -11.057534246575342, 100.58904109589041)]
CA008101170	[(1881, -18.22316384180791, 73.91292134831461)]
CA008101700	[(1885, -21.54794520547945, 104.68767123287671)]
CA008104600	[(1880, 24.80952380952381, 104.05191256830601),]
CA008104800	[(1884, 0.23224043715846995, 89.59289617486338)]
CA008105600	[(1888, -14.170212765957446, 87.21325648414985)]
CA008200150	[(1883, -25.854166666666668, 119.88333333333334)]
CA008200300	[(1880, -15.714776632302405, 96.01027397260275)]
CA008202198	[(1884, 15.710382513661202, 105.35519125683061)]
CA008204420	[(1888, 9.633879781420765, 97.67486338797814)]
CA008205698	[(1882, 3.43013698630137, 93.44657534246575)]
CA008205988	[(1883, -20.635258358662615, 94.42944785276073)]
CA008206410	[(1881, 21.284900284900285, 103.45425867507886)]
CA008206490	[(1885, 25.517808219178082, 107.0864553314121)]
CA008300298	[(1881, 6.145205479452055, 89.75274725274726)]
CA008300441	[(1885, -9.824657534246576, 91.72876712328767)]
CA008401125	[(1884, -138.8, NaN)]
CA008401600	[(1880, 30.027322404371585, 63.46994535519126)]
CA008403500	[(1885, 7.293150684931507, 88.99178082191781)]
CE000043497	[(1884, 233.15300546448088, 292.77322404371586)]
CE000434730	[(1887, 95.95616438356164, 193.94246575342467)]
CYE00100074	[(1886, 108.99178082191781, 274.6868131868132)]
DA000021100	[(1882, 57.33150684931507, 106.41643835616438)]
DA000025140	[(1880, 55.58126721763085, 113.04383561643836),]
DA000027080	[(1887, 40.85753424657534, 102.65479452054795)]
DA000030380	[(1887, 32.26849315068493, 110.02465753424657)]
DA000032030	[(1881, 41.05205479452055, 87.3972602739726)]
EGE00147732	[(1888, 159.10382513661202, 274.672131147541)]
EI000003969	[(1887, 44.06849315068493, 127.53424657534246)]
EIE00101859	[(1886, 66.25479452054795, 128.55616438356165)]
EZE00100082	[(1881, 47.778082191780825, 116.31506849315069)]
FRE00104937	[(1883, NaN, 9990.0)]
GG000037545	[(1886, 72.37808219178082, NaN)]
GLE00100981	[(1880, -36.093877551020405,  No TMAX Record Found),]
GM000002698	[(1883, 58.701369863013696, 136.61917808219178)]
GM000003319	[(1880, 61.978142076502735, 140.35245901639345),]
GM000004063	[(1886, 46.71506849315068, 139.73150684931508)]
GM000004199	[(1888, 33.06284153005465, 113.28688524590164)]
GM000004204	[(1886, 33.676712328767124, 138.3945205479452)]
GM000010962	[(1887, 18.515068493150686, 87.04657534246576)]
GMW00035032	[(1883, 58.397260273972606, 136.813698630137)]
HR000142360	[(1886, 71.19658119658119, 149.2193732193732)]
HRE00105189	[(1887, 130.7068493150685, 199.04657534246576)]
ITE00100550	[(1882, 102.42465753424658, 176.48219178082192)]
ITE00100554	[(1887, 82.10958904109589, 165.1205479452055)]
KZ000038198	[(1883, 69.47887323943662, NaN)]
RSM00022550	[(1882, -10.113772455089821, 41.90718562874252)]
RSM00022845	[(1887, -67.64238410596026, NaN)]
RSM00024959	[(1888, 9.462962962962964, 127.97619047619048)]
RSM00026063	[(1888, -16.688524590163933, 56.87978142076503)]
RSM00026477	[(1888, -22.275862068965516, 73.253125)]
RSM00027051	[(1884, -52.84, NaN)]
RSM00029263	[(1889, -78.34246575342466, NaN)]
RSM00031369	[(1889, -59.17065868263473, NaN)]
RSM00032061	[(1881, -45.53611111111111, NaN)]
RSM00032071	[(1886, -64.2051282051282, NaN)]
RSM00037472	[(1888, 85.39890710382514, NaN)]
SZ000006717	[(1882, -30.339726027397262, 19.865753424657534)]
TSE00147769	[(1889, 116.2262996941896, 229.27051671732522)]
TSE00147775	[(1889, 145.6024096385542, 236.15615615615616)]
TX000038763	[(1889, 61.98913043478261, NaN)]
UK000000000	[(1884, 59.46174863387978, 137.51092896174865)]
UK000003026	[(1885, 41.23013698630137, 99.8958904109589)]
UK000047811	[(1881, 46.013698630136986, 115.14520547945206)]
UK000056225	[(1885, 54.172602739726024, 129.56712328767122)]
UPM00033345	[(1883, 20.20059880239521, 93.16167664670658)]
UPM00033587	[(1887, 25.36986301369863, 127.73150684931507)]
UPM00033910	[(1885, 53.484931506849314, NaN)]
UPM00033976	[(1882, 101.21369863013699, 150.6)]
USC00015555	[(1887, 135.55616438356165, 242.6958904109589)]
USC00034251	[(1887, 113.04931506849314, 225.16712328767125)]
USC00034562	[(1888, 199.92929292929293, 310.11242603550295)]
USC00035186	[(1885, 167.5, 297.67597765363126)]
USC00035754	[(1884, 203.66417910447763, 299.2631578947368)]
USC00043157	[(1885, 41.77302631578947, 180.92763157894737)]
USC00047738	[(1882, 115.23013698630137, 197.013698630137)]
USC00061536	[(1887, -78.73728813559322, 45.33898305084746)]
USC00064767	[(1884, 39.87431693989071, 150.3224043715847)]
USC00065445	[(1887, -105.45762711864407, -10.322033898305085)]
USC00067361	[(1888, 24.352459016393443, 126.12841530054645)]
USC00068138	[(1888, 63.52336448598131, 167.39252336448598)]
USC00090284	[(1888, -22.142857142857142, NaN)]
USC00090430	[(1889, 113.68493150684931, 214.6027397260274)]
USC00117391	[(1880, 151.6413043478261, 281.9347826086956),]
USC00173046	[(1887, 11.791780821917808, 115.43013698630136)]
USC00175070	[(1888, -21.7, 226.33333333333334)]
USC00176902	[(1886, 26.616438356164384, 111.9041095890411)]
USC00177827	[(1888, -180.4, -53.6)]
USC00191097	[(1887, 41.460055096418735, 132.12983425414365)]
USC00191650	[(1886, 49.05234159779614, 129.5702479338843)]
USC00192010	[(1889, 39.010989010989015, 144.87016574585635)]
USC00194012	[(1885, 6.6878453038674035, 154.675)]
USC00194405	[(1885, 114.17391304347827, 183.22826086956522)]
USC00195145	[(1889, 97.40579710144928, 165.44174757281553)]
USC00195891	[(1887, -47.5, 161.5)]
USC00196988	[(1885, 19.796143250688704, 102.3489010989011)]
USC00197122	[(1889, 180.55737704918033, 244.49180327868854)]
USC00198374	[(1888, 19.57704918032787, 126.57377049180327)]
USC00198375	[(1887, 43.713467048710605, 155.0911680911681)]
USC00199731	[(1887, 16.177966101694917, 119.36723163841808)]
USC00215638	[(1889, 3.336986301369863, 115.52876712328766)]
USC00263515	[(1889, 105.20276497695852, 261.6857142857143)]
USC00271678	[(1889, 35.23835616438356, 139.3901098901099)]
USC00271682	[(1882, 21.528767123287672, 145.91232876712328)]
USC00275072	[(1888, 15.942424242424243, 123.13432835820896)]
USC00276944	[(1888, -13.532786885245901, 112.32876712328768)]
USC00278440	[(1889, 0.0, 322.0)]
USC00278854	[(1889, 14.927007299270073, 112.61924686192468)]
USC00279307	[(1886, -21.58, 122.93288590604027)]
USC00287865	[(1881, 81.94246575342466, 157.34246575342465)]
USC00298072	[(1886, 31.643835616438356, 153.91232876712328)]
USC00300958	[(1889, 45.99173553719008, 116.7457627118644)]
USC00301010	[(1885, 27.69041095890411, 108.16438356164383)]
USC00307633	[(1889, 21.278145695364238, 97.98675496688742)]
USC00319191	[(1887, 12.172413793103448, 117.79310344827586)]
USC00319462	[(1886, 115.44109589041096, 221.86027397260273)]
USC00331662	[(1881, 58.276712328767125, 139.27123287671233)]
USC00338366	[(1882, 66.42465753424658, 147.6821917808219)]
USC00343300	[(1886, 94.83561643835617, 227.3890410958904)]
USC00354506	[(1888, -9.5, 110.31651376146789)]
USC00367239	[(1887, 36.79178082191781, 145.43835616438355)]
USC00383742	[(1887, 155.6611111111111, 296.3222222222222)]
USC00413257	[(1880, 118.80601092896175, 234.54644808743168)]
USC00419421	[(1887, 203.42391304347825, 324.32608695652175)]
USC00431072	[(1885, -92.90265486725664, 116.54573170731707)]
USC00456109	[(1886, 53.704109589041096, 155.4931506849315)]
USC00464045	[(1888, 59.78338278931751, 148.31420765027323)]
USC00474375	[(1887, 20.471232876712328, 128.6958904109589)]
USC00474966	[(1884, 20.349726775956285, 109.3224043715847)]
USC00475484	[(1885, 12.961643835616439, 99.65753424657534)]
USC00485355	[(1881, 878.0, 44.0)]
USW00013724	[(1884, 76.5327868852459, 152.38251366120218)]
USW00014838	[(1886, -0.810958904109589, 97.94246575342466)]
USW00014898	[(1889, 22.06027397260274, 113.27397260273973)]
USW00014936	[(1881, 45.29347826086956, 161.40217391304347)]
USW00014971	[(1888, 29.879781420765028, 152.224043715847)]
USW00023271	[(1880, 86.46027397260274, 203.78630136986303),]
USW00024121	[(1888, -13.575091575091575, 228.2087912087912)]
USW00024128	[(1881, 17.4, 173.41095890410958)]
USW00024274	[(1885, 73.43013698630136, 189.44657534246576)]
USW00053875	[(1885, 97.77260273972603, 197.06575342465754)]
USW00053919	[(1889, 103.90322580645162, 257.06451612903226)]
USW00093725	[(1887, 79.30410958904109, 176.41095890410958)]
USW00093852	[(1880, 174.2295081967213, 259.0136612021858),]
USW00094728	[(1883, 62.87397260273973, 139.94520547945206)]
UZM00038457	[(1889, -127.61290322580645, NaN)]
UZM00038618	[(1881, -9.8, NaN)]
