AGE00135039	[(1888, 136.02203856749313, 220.0986301369863)]
AGE00147716	[(1880, No TMIN Record Found, 240.5191256830601),]
AGE00147717	[(1888, 77.46556473829202, 235.28925619834712)]
AGE00147718	[(1887, 142.98076923076923, 268.5665722379603)]
AM000037789	[(1888, -15.262295081967213, NaN)]
ASN00014016	[(1885, 230.3223880597015, 328.1283582089552)]
ASN00015540	[(1888, 133.2554945054945, 301.22677595628414)]
ASN00026026	[(1884, 94.87931034482759, 187.10526315789474)]
ASN00035027	[(1889, 193.8860759493671, 319.7037037037037)]
ASN00038003	[(1889, 176.67123287671234, 329.94246575342464)]
ASN00048013	[(1881, 139.91242937853107, 273.59322033898303)]
ASN00048030	[(1885, 108.1921921921922, 286.26126126126127)]
ASN00052026	[(1885, 125.45251396648045, 280.55128205128204)]
ASN00055023	[(1885, 126.49683544303798, 248.7594936708861)]
ASN00056017	[(1884, 72.86944444444444, 241.19166666666666)]
ASN00063004	[(1881, 61.52290076335878, 202.04961832061068)]
ASN00065016	[(1882, 110.52602739726028, 252.3123287671233)]
ASN00066062	[(1883, 129.81643835616438, 206.47123287671232)]
ASN00072151	[(1881, 89.10526315789474, 225.0)]
ASN00074128	[(1884, 75.37179487179488, 252.74358974358975)]
ASN00086071	[(1881, 95.26575342465753, 194.9150684931507)]
ASN00090015	[(1885, 91.0813953488372, 181.62258953168043)]
ASN00094029	[(1882, 69.81454545454545, 148.36)]
AU000005010	[(1888, 40.51912568306011, 109.35792349726776)]
AU000005901	[(1882, 61.057534246575344, 142.06575342465754)]
AU000006306	[(1882, 43.95616438356164, 131.42465753424656)]
AU000011801	[(1880, 36.8551912568306, 136.9672131147541)]
BE000006447	[(1886, 53.202739726027396, 132.16986301369863)]
CA001066336	[(1887, 12.017241379310345, 90.64835164835165)]
CA001100120	[(1889, -13.595744680851064, 65.31914893617021)]
CA001105550	[(1880, 39.055865921787706, 120.70949720670392)]
CA001114620	[(1882, 35.85479452054795, 134.586301369863)]
CA003012195	[(1884, -60.01652892561984, 78.65564738292011)]
CA003031093	[(1886, -39.83835616438356, 106.61917808219178)]
CA003032680	[(1886, -73.32727272727273, 65.50909090909092)]
CA003034480	[(1889, -8.558904109589042, 134.22739726027396)]
CA003072145	[(1880, -97.4153005464481, 50.22527472527472)]
CA003072657	[(1884, -82.10684931506849, 23.189560439560438)]
CA004016320	[(1889, -34.58904109589041, 102.89315068493151)]
CA004016560	[(1886, -61.73424657534247, 77.21095890410959)]
CA004028035	[(1886, -36.55922865013774, 106.80716253443526)]
CA004040420	[(1885, -290.07142857142856, -188.71428571428572)]
CA004056230	[(1885, -108.13168724279835, 43.5679012345679)]
CA005011760	[(1887, -86.02465753424657, 57.515068493150686)]
CA005012520	[(1889, -66.65934065934066, 88.85989010989012)]
CA005022790	[(1888, -61.40163934426229, 69.58196721311475)]
CA005023243	[(1885, -61.8986301369863, 60.47123287671233)]
CA005063350	[(1888, -133.92896174863387, -53.404371584699454)]
CA006046588	[(1885, -54.772602739726025, 57.772602739726025)]
CA006085023	[(1889, -38.403225806451616, 119.78453038674033)]
CA006085682	[(1887, -139.25806451612902, -36.774193548387096)]
CA006102417	[(1880, 19.841216216216218, 144.565371024735)]
CA006104185	[(1882, 24.512328767123286, 121.16986301369863)]
CA006105887	[(1884, -15.857534246575343, 104.37808219178082)]
CA006106362	[(1886, -6.237430167597766, 108.9047619047619)]
CA006108060	[(1880, -28.311475409836067, 100.5792349726776),]
CA006110549	[(1884, 2.5835616438356164, 109.11232876712329)]
CA006110605	[(1888, -26.595628415300546, 84.10928961748634)]
CA006111375	[(1889, -20.18384401114206, 105.49025069637884)]
CA006112171	[(1888, -1.5534246575342465, 93.4532967032967)]
CA006113000	[(1887, -7.7162534435261705, 114.44903581267218)]
CA006113660	[(1884, -8.47985347985348, 108.82051282051282)]
CA006116128	[(1888, 10.626865671641792, 109.83283582089553)]
CA006116254	[(1882, -2.736986301369863, 104.01369863013699)]
CA006119064	[(1889, -25.03361344537815, 107.26610644257703)]
CA006120315	[(1883, 7.779944289693593, 110.28969359331477)]
CA006124700	[(1887, 12.852054794520548, 122.84657534246575)]
CA006127887	[(1883, -5.586301369863014, 96.04657534246576)]
CA006129850	[(1882, 23.887671232876713, 127.79178082191781)]
CA006136643	[(1887, 29.764383561643836, 123.63013698630137)]
CA006136694	[(1884, 19.97814207650273, 126.33333333333333)]
CA006137735	[(1881, 23.910543130990416, 137.1597444089457)]
CA006139520	[(1884, 25.9171974522293, 143.0859872611465)]
CA006140941	[(1888, 6.59065934065934, 122.57575757575758)]
CA006141095	[(1881, 18.728021978021978, 129.1046831955923)]
CA006141843	[(1883, -13.346153846153847, 96.5702479338843)]
CA006142284	[(1889, 22.243835616438357, 115.58630136986301)]
CA006142993	[(1882, 20.4, 125.36712328767123)]
CA006143083	[(1885, -13.572727272727272, 99.21212121212122)]
CA006144470	[(1881, 26.058282208588956, 134.52147239263803)]
CA006144505	[(1888, 10.565573770491802, 110.13661202185793)]
CA006147340	[(1888, -57.064516129032256, 10.32258064516129)]
CA006148100	[(1881, 13.808219178082192, 129.16438356164383)]
CA006148120	[(1882, 13.097701149425287, 118.98275862068965)]
CA006149625	[(1886, 4.526027397260274, 117.16712328767123)]
CA006150913	[(1885, -12.138643067846608, 91.79464285714286)]
CA006152007	[(1883, -1.4022038567493114, 110.36088154269973)]
CA006153192	[(1880, 32.54644808743169, 140.3415300546448)]
CA006155876	[(1887, 9.30110497237569, 117.49447513812154)]
CA006158350	[(1888, 13.60655737704918, 105.74863387978142)]
CA006160465	[(1885, -42.50898203592814, 96.90390390390391)]
CA006163156	[(1888, 26.438095238095237, 145.6904761904762)]
CA006164297	[(1881, 13.901360544217686, NaN)]
CA006164430	[(1880, 11.304477611940298, 125.7641791044776),]
CA006165195	[(1889, -15.849315068493151, 117.48493150684932)]
CA006165716	[(1887, -34.63013698630137, 112.21917808219177)]
CA006166416	[(1880, 6.469178082191781, 126.9090909090909)]
CA007016280	[(1880, -14.005464480874316, 90.32786885245902),]
CA007021952	[(1887, -37.66575342465753, 77.38630136986302)]
CA007021954	[(1885, -20.330532212885153, 98.80672268907563)]
CA007023240	[(1886, -2.2054794520547945, 97.38630136986302)]
CA007025280	[(1886, 8.361643835616439, 97.23835616438356)]
CA007026465	[(1883, -33.8986301369863, 92.36813186813187)]
CA007050200	[(1884, -27.44808743169399, 30.524590163934427)]
CA007050790	[(1885, -4.117808219178082, 66.15068493150685)]
CA007056067	[(1888, -36.224043715846996, 48.95628415300546)]
CA007061440	[(1885, -48.11357340720222, 65.6657458563536)]
CA008100500	[(1886, -23.392156862745097, 104.1484593837535)]
CA008100990	[(1885, -22.208219178082192, 96.62191780821918)]
CA008101170	[(1885, -31.23463687150838, 54.29044117647059)]
CA008101700	[(1880, -17.188524590163933, 110.69398907103825),]
CA008101920	[(1885, 9.772602739726027, 97.06301369863014)]
CA008104600	[(1884, 3.978142076502732, 97.93715846994536)]
CA008104800	[(1888, -0.06318681318681318, 84.22527472527473)]
CA008200150	[(1887, 69.51724137931035, 197.17241379310346)]
CA008200300	[(1884, -2.5532646048109964, 106.42268041237114)]
CA008202198	[(1888, 11.808743169398907, 101.51092896174863)]
CA008204420	[(1883, 8.778082191780822, 101.23287671232876)]
CA008204480	[(1886, 0.8792270531400966, 91.77830188679245)]
CA008205698	[(1886, 17.345205479452055, 110.81369863013698)]
CA008205988	[(1887, -3.3333333333333335, 110.31932773109244)]
CA008206490	[(1880, 21.87123287671233, 111.58904109589041),]
CA008300298	[(1885, -0.07945205479452055, 92.32876712328768)]
CA008300441	[(1880, -9.581967213114755, 91.17213114754098),]
CA008403500	[(1880, 0.04918032786885246, 83.49726775956285),]
CA008500500	[(1885, -23.159779614325068, 16.713498622589533)]
CE000043497	[(1888, 233.30601092896174, 304.0464480874317)]
CE000434730	[(1882, 101.16438356164383, 190.82465753424657)]
CYE00100074	[(1881, 138.73793103448276, 275.9597315436242)]
DA000021100	[(1886, 42.875, 97.41369863013699)]
DA000025140	[(1884, 56.494535519125684, 113.79234972677595)]
DA000027080	[(1882, 58.62465753424657, 112.67671232876712)]
DA000030380	[(1882, 47.62191780821918, 124.11506849315069)]
DA000032030	[(1885, 53.153424657534245, 100.08219178082192)]
EI000003969	[(1882, 50.95616438356164, 129.35342465753425)]
EIE00101859	[(1881, 61.12181303116147, 127.78753541076487)]
EZE00100082	[(1885, 56.967123287671235, 128.1068493150685)]
FRE00104937	[(1887, NaN, 9990.0)]
GG000037545	[(1881, 73.63287671232877, NaN)]
GLE00100981	[(1884, -126.18611111111112, NaN)]
GM000002698	[(1887, 38.69315068493151, 128.96986301369864)]
GM000003319	[(1884, 46.68852459016394, 137.30327868852459)]
GM000004063	[(1881, 37.88493150684931, 118.67671232876712)]
GM000004199	[(1883, 36.52328767123288, 119.56712328767124)]
GM000004204	[(1881, 24.578082191780823, 130.9041095890411)]
GM000010962	[(1882, 28.90958904109589, 102.40821917808219)]
GMW00035032	[(1887, 48.104109589041094, 125.40273972602739)]
HR000142360	[(1881, 62.33698630136986, 139.58356164383562)]
HRE00105182	[(1880, 41.306569343065696, 139.62408759124088)]
HRE00105189	[(1882, 134.27123287671233, 200.06849315068493)]
ITE00100550	[(1886, 95.1041095890411, 173.81917808219177)]
ITE00100554	[(1882, 93.92876712328767, 176.9972602739726)]
KZ000035188	[(1885, -45.01796407185629, NaN)]
RSM00022550	[(1886, -11.715068493150685, 39.843835616438355)]
RSM00023804	[(1889, -29.395604395604394, NaN)]
RSM00026063	[(1883, 4.638356164383562, 69.97520661157024)]
RSM00026477	[(1883, 17.175824175824175, 97.31985294117646)]
RSM00028275	[(1888, -51.743169398907106, NaN)]
RSM00028440	[(1882, -43.97095435684647, NaN)]
RSM00029263	[(1884, -60.82779456193354, NaN)]
RSM00031369	[(1884, -83.46666666666667, NaN)]
RSM00032061	[(1885, -64.02465753424657, NaN)]
RSM00034880	[(1883, 50.865753424657534, 149.44383561643835)]
RSM00037472	[(1883, 83.6, NaN)]
SZ000002220	[(1883, -49.42774566473989, 21.222543352601157)]
SZ000006717	[(1886, -49.945205479452056, 20.0986301369863)]
UK000000000	[(1888, 47.76502732240437, 117.1775956284153)]
UK000003026	[(1880, 54.516417910447764, 110.76785714285714),]
UK000047811	[(1885, 44.06027397260274, 120.25753424657535)]
UK000056225	[(1880, 59.967213114754095, 134.1120218579235),]
UPM00033345	[(1887, 33.416438356164385, 114.24109589041096)]
UPM00033910	[(1889, 52.54545454545455, NaN)]
UPM00033946	[(1889, 57.970238095238095, NaN)]
USC00015555	[(1882, 141.63013698630138, 243.413698630137)]
USC00023096	[(1889, 118.90119760479043, 212.73952095808383)]
USC00030936	[(1885, 187.568345323741, 307.0508474576271)]
USC00033466	[(1887, -13.774193548387096, 141.78571428571428)]
USC00034251	[(1882, 129.87671232876713, 219.36438356164385)]
USC00034562	[(1883, 162.864406779661, 302.7345971563981)]
USC00034988	[(1886, -33.847457627118644, 64.83050847457628)]
USC00035186	[(1889, 131.08878504672896, 260.1121495327103)]
USC00035754	[(1888, 185.86754966887418, 308.921568627451)]
USC00043157	[(1880, No TMIN Record Found, 150.98907103825135),]
USC00047738	[(1886, 125.16986301369863, 198.14520547945204)]
USC00064767	[(1888, 28.47814207650273, 137.224043715847)]
USC00090284	[(1883, -25.0, NaN)]
USC00090430	[(1884, 129.4, 250.78775510204082)]
USC00134049	[(1885, 33.26301369863014, 93.54246575342465)]
USC00174230	[(1886, 6.108882521489972, 112.81024096385542)]
USC00176902	[(1881, 51.01917808219178, 131.18082191780823)]
USC00190595	[(1886, -1.539906103286385, 81.67136150234742)]
USC00193110	[(1885, 51.282722513089006, 172.61780104712042)]
USC00193625	[(1886, 26.23076923076923, NaN)]
USC00194295	[(1885, 41.29752066115702, 132.6749311294766)]
USC00194313	[(1885, 146.09677419354838, 241.4516129032258)]
USC00194340	[(1885, -40.16129032258065, 117.00833333333334)]
USC00194360	[(1886, 46.15890410958904, 126.5095890410959)]
USC00194760	[(1885, 42.36986301369863, 129.07397260273973)]
USC00194795	[(1886, 32.88219178082192, 138.87671232876713)]
USC00194875	[(1887, 15.819178082191781, 142.35616438356163)]
USC00196988	[(1889, -20.41304347826087, 50.108695652173914)]
USC00198960	[(1885, 78.8663101604278, 201.85714285714286)]
USC00200032	[(1887, -42.794520547945204, 78.27027027027027)]
USC00253035	[(1888, -51.653333333333336, 102.15131578947368)]
USC00260507	[(1889, 17.314685314685313, 175.13636363636363)]
USC00264939	[(1888, 27.866071428571427, 176.73511904761904)]
USC00266252	[(1889, 6.798165137614679, 198.57808219178082)]
USC00267835	[(1887, -44.5, 147.88524590163934)]
USC00271678	[(1884, -46.57377049180328, 52.36065573770492)]
USC00271682	[(1886, 24.90684931506849, 134.84931506849315)]
USC00275712	[(1885, -10.945652173913043, 89.8913043478261)]
USC00275997	[(1888, -0.7401315789473685, 124.875)]
USC00277060	[(1887, 3.2344322344322345, 125.28937728937728)]
USC00287865	[(1885, 67.01369863013699, 147.92602739726027)]
USC00298072	[(1881, 41.410828025477706, 173.97452229299364)]
USC00301010	[(1880, 48.650273224043715, 121.90983606557377),]
USC00319462	[(1881, 135.70958904109588, 224.36712328767123)]
USC00331662	[(1885, 36.364383561643834, 124.7068493150685)]
USC00338366	[(1886, 40.88767123287671, 138.72328767123287)]
USC00343300	[(1881, 107.58630136986301, 231.2869318181818)]
USC00422996	[(1889, -5.380821917808219, 153.46849315068494)]
USC00431072	[(1889, -44.408, 118.7109634551495)]
USC00435733	[(1887, 18.284313725490197, 131.48692810457516)]
USC00456109	[(1881, 53.09880239520958, 138.45209580838323)]
USC00464045	[(1883, 88.4, 200.74285714285713)]
USC00466207	[(1881, 80.30958904109589, 174.22465753424657)]
USC00474375	[(1882, 46.487671232876714, 130.15616438356165)]
USC00474966	[(1888, 17.505464480874316, 108.7103825136612)]
USC00475484	[(1880, 40.92622950819672, 128.12295081967213),]
USW00012945	[(1884, 192.85981308411215, 313.4766355140187)]
USW00013724	[(1888, 65.17213114754098, 143.77868852459017)]
USW00013736	[(1882, 75.69589041095891, 166.1041095890411)]
USW00013984	[(1886, 45.21917808219178, 170.03561643835616)]
USW00014838	[(1881, 2.5835616438356164, 79.5041095890411)]
USW00014936	[(1885, -1.6465753424657534, 122.10684931506849)]
USW00014971	[(1883, 103.61904761904762, 194.45539906103286)]
USW00023271	[(1884, 98.73497267759562, 211.71038251366122)]
USW00024128	[(1885, 33.364383561643834, 180.7917808219178)]
USW00024274	[(1880, 61.568306010928964, 148.97540983606558),]
USW00053875	[(1880, 114.5846994535519, 207.75409836065575),]
USW00053919	[(1884, 153.56140350877192, 293.2083333333333)]
USW00093725	[(1882, 82.1972602739726, 177.3068493150685)]
USW00093820	[(1889, 84.11428571428571, 180.5742857142857)]
USW00093852	[(1884, 167.94808743169398, 255.37158469945356)]
USW00094728	[(1887, 64.60164835164835, 146.4945054945055)]
UZM00038457	[(1884, 139.34444444444443, 168.28476821192052)]
