AGE00135039	[(1889, 125.58739255014326, 212.13698630136986)]
AGE00147705	[(1886, NaN, 154.0)]
AGE00147711	[(1886, 110.66887417218543, 227.06270627062707)]
AGE00147716	[(1881, 110.37086092715232, 228.62406015037595)]
AGE00147717	[(1880, 72.45628415300547, 233.9917808219178),]
AGE00147718	[(1888, 152.98333333333332, 277.3388888888889)]
AM000037789	[(1889, 62.76438356164383, NaN)]
ASN00014016	[(1886, 237.48219178082192, 334.35616438356163)]
ASN00015540	[(1880, 124.64207650273224, 306.5109289617486),]
ASN00026026	[(1885, 93.16712328767123, 182.44729344729345)]
ASN00048013	[(1882, 146.96438356164384, 278.4547945205479)]
ASN00048030	[(1886, 110.14520547945206, 270.6684931506849)]
ASN00052026	[(1886, 128.6821917808219, 258.213698630137)]
ASN00055023	[(1886, 121.34722222222223, 239.02314814814815)]
ASN00056017	[(1885, 116.52452830188679, 243.46212121212122)]
ASN00063004	[(1882, 66.51937984496124, 210.22779922779924)]
ASN00065016	[(1883, 98.29752066115702, 238.74520547945207)]
ASN00066062	[(1884, 135.60109289617486, 211.74043715846994)]
ASN00072151	[(1882, 63.44656488549618, 228.23282442748092)]
ASN00074128	[(1885, 76.87459807073955, 260.5176848874598)]
ASN00076077	[(1889, 96.86138613861387, 225.26237623762376)]
ASN00086071	[(1882, 95.13424657534246, 198.4849315068493)]
ASN00090015	[(1886, 103.85595567867036, 186.70083102493075)]
ASN00094029	[(1883, 88.48209366391184, 170.14958448753464)]
AU000005010	[(1880, 49.94808743169399, 122.77322404371584),]
AU000005901	[(1883, 54.24109589041096, 128.27671232876713)]
AU000006306	[(1883, 39.88767123287671, 123.52328767123288)]
AU000011801	[(1881, 36.14794520547945, 131.0191780821918)]
BE000006447	[(1887, 41.43561643835616, 120.6986301369863)]
CA001066336	[(1888, 33.37003058103976, 104.36612021857924)]
CA001105550	[(1881, 47.108635097493035, 130.35933147632312)]
CA001114620	[(1883, 37.712574850299404, 145.69161676646706)]
CA003012195	[(1885, -42.40547945205479, 96.16712328767123)]
CA003031093	[(1887, -54.26575342465753, 81.44383561643835)]
CA003072145	[(1881, -78.27123287671233, 59.843835616438355)]
CA003072657	[(1885, -71.28531855955679, 22.448467966573816)]
CA004013480	[(1889, -88.67272727272727, 52.1875)]
CA004016560	[(1887, -74.68767123287671, 61.36986301369863)]
CA004028035	[(1887, -54.09041095890411, 81.32328767123288)]
CA004040420	[(1886, -119.77777777777777, -0.1111111111111111)]
CA004056230	[(1886, -112.33147632311977, 63.77437325905292)]
CA005011760	[(1888, -76.51092896174863, 58.17486338797814)]
CA005022547	[(1880, -65.80601092896175, 62.44808743169399)]
CA005022790	[(1880, -59.581717451523545, 63.96338028169014),]
CA005023243	[(1886, -60.81369863013698, 75.83287671232877)]
CA005063350	[(1880, -133.3306010928962, -43.904371584699454),]
CA006046588	[(1886, -44.72054794520548, 68.16986301369863)]
CA006057595	[(1889, 24.04, 130.725)]
CA006085682	[(1888, -60.8671096345515, 91.4717607973422)]
CA006092915	[(1882, -104.16071428571429, -16.767857142857142)]
CA006094450	[(1886, 30.017241379310345, 124.98850574712644)]
CA006101872	[(1880, 8.969945355191257, 121.81693989071039)]
CA006102417	[(1881, 60.256410256410255, 184.33185840707964)]
CA006104185	[(1883, 4.189041095890411, 101.58630136986301)]
CA006105887	[(1885, -21.912328767123288, 85.46301369863014)]
CA006106362	[(1887, -14.443835616438356, 109.0415512465374)]
CA006107003	[(1885, 1.79672131147541, 129.33770491803278)]
CA006108060	[(1881, -23.03287671232877, 109.96164383561644)]
CA006110458	[(1889, -45.98360655737705, 43.47540983606557)]
CA006110549	[(1885, -10.376373626373626, 93.72802197802197)]
CA006110605	[(1880, -17.1775956284153, 104.93442622950819),]
CA006112171	[(1889, 18.220055710306408, 111.6340782122905)]
CA006113000	[(1888, -17.636111111111113, 98.075)]
CA006113660	[(1885, -90.37810945273633, 29.218905472636816)]
CA006116128	[(1880, 15.78688524590164, 117.68032786885246),]
CA006116254	[(1883, -28.39178082191781, 88.1013698630137)]
CA006120315	[(1884, 10.54, 115.29799426934098)]
CA006122845	[(1880, 39.63387978142077, 119.19125683060109)]
CA006124127	[(1888, 1.4325153374233128, 99.7760736196319)]
CA006124700	[(1888, 3.6346153846153846, 110.9945205479452)]
CA006127887	[(1884, 3.379781420765027, 106.20765027322405)]
CA006129850	[(1883, -3.0875706214689265, 111.87671232876713)]
CA006136643	[(1888, 20.93169398907104, 112.16666666666667)]
CA006136694	[(1885, 6.260273972602739, 112.89315068493151)]
CA006137735	[(1882, 24.883870967741935, 129.33225806451614)]
CA006139520	[(1885, 13.217252396166135, 128.65495207667732)]
CA006140941	[(1889, -34.20666666666666, 74.63333333333334)]
CA006141095	[(1882, 17.38150289017341, 119.92173913043479)]
CA006141843	[(1884, -70.69491525423729, 31.920454545454547)]
CA006142993	[(1883, 0.07417582417582418, 110.1456043956044)]
CA006143083	[(1886, 4.624657534246575, 118.62465753424658)]
CA006144470	[(1882, 19.73860182370821, 124.78353658536585)]
CA006144505	[(1889, 27.553424657534247, 126.54246575342465)]
CA006147340	[(1889, 21.019178082191782, 125.9972602739726)]
CA006148100	[(1882, 5.047197640117994, 108.42182890855457)]
CA006148120	[(1883, -5.392156862745098, 110.51117318435755)]
CA006149625	[(1887, 5.472527472527473, 124.50824175824175)]
CA006150243	[(1887, -6.315934065934066, 106.89010989010988)]
CA006150913	[(1886, 4.221590909090909, 109.43019943019944)]
CA006152007	[(1884, 10.487603305785123, 119.43526170798899)]
CA006153192	[(1881, 17.84931506849315, 148.86301369863014)]
CA006155876	[(1888, -30.008196721311474, 70.04098360655738)]
CA006158350	[(1880, 30.918032786885245, 118.86065573770492),]
CA006160465	[(1886, -155.41573033707866, -13.910112359550562)]
CA006163156	[(1889, -4.002747252747253, 108.51780821917808)]
CA006164297	[(1882, 10.002898550724638, NaN)]
CA006164430	[(1881, 3.83013698630137, 123.81369863013698)]
CA006165716	[(1888, -35.71947194719472, 79.92079207920793)]
CA006166416	[(1881, 10.316993464052288, 131.77777777777777)]
CA007016280	[(1881, -5.635616438356164, 91.45205479452055)]
CA007021952	[(1888, -37.17213114754098, 65.98087431693989)]
CA007021954	[(1886, -13.456582633053221, 111.30812324929973)]
CA007023240	[(1887, -7.0, 96.9041095890411)]
CA007024280	[(1888, -89.9, -3.607843137254902)]
CA007025280	[(1887, 5.890410958904109, 95.64931506849315)]
CA007026465	[(1884, -19.50137741046832, 100.98626373626374)]
CA007050200	[(1885, -16.068493150684933, 37.97534246575343)]
CA007050790	[(1886, 5.101369863013699, 73.67945205479452)]
CA007056067	[(1880, -29.204918032786885, 62.387978142076506),]
CA007061440	[(1886, -41.21590909090909, 70.07670454545455)]
CA007066688	[(1888, 5.783882783882784, 102.00732600732601)]
CA008100500	[(1887, -35.76601671309192, 95.36944444444444)]
CA008100990	[(1886, -11.627397260273973, 99.92602739726027)]
CA008101170	[(1886, -24.397759103641455, 82.37254901960785)]
CA008101700	[(1881, -5.164383561643835, 108.96986301369863)]
CA008101920	[(1886, 17.112328767123287, 105.36164383561643)]
CA008103825	[(1886, 32.08988764044944, 151.12359550561797)]
CA008104500	[(1883, -47.5735294117647, 73.10958904109589)]
CA008104600	[(1885, -0.0410958904109589, 97.22465753424657)]
CA008104800	[(1880, 10.53825136612022, 88.33060109289617),]
CA008200150	[(1888, -82.93939393939394, 6.967741935483871)]
CA008200300	[(1885, -111.72093023255815, 3.011627906976744)]
CA008202198	[(1880, 14.647540983606557, 111.0),]
CA008204420	[(1884, 8.480874316939891, 100.6256830601093)]
CA008204480	[(1887, -45.71910112359551, 11.247191011235955)]
CA008205698	[(1887, 8.23013698630137, 103.04931506849314)]
CA008205988	[(1888, -2.069060773480663, 100.85635359116021)]
CA008206490	[(1881, 27.804532577903682, 104.75428571428571)]
CA008300298	[(1886, -33.29834254143646, 61.92265193370166)]
CA008300441	[(1881, -2.7793296089385473, 86.62011173184358)]
CA008401125	[(1880, -107.2396694214876, -0.8)]
CA008403500	[(1881, 0.8410958904109589, 83.75068493150685)]
CA008500500	[(1886, -26.054131054131055, 17.59259259259259)]
CE000043497	[(1880, 237.01381215469613, 306.5382513661202),]
CE000434730	[(1883, 99.73424657534247, 193.04109589041096)]
CYE00100074	[(1882, 84.61581920903954, 220.86524822695034)]
DA000021100	[(1887, 44.97808219178082, 97.13424657534246)]
DA000025140	[(1885, 46.07397260273972, 100.40821917808219)]
DA000027080	[(1883, 50.81369863013698, 104.59452054794521)]
DA000030380	[(1883, 40.28219178082192, 113.6)]
DA000032030	[(1886, 52.536986301369865, 104.00821917808219)]
EGE00147726	[(1884, 105.76438356164384, 247.4986301369863)]
EGE00147732	[(1884, 131.21311475409837, 267.0659340659341)]
EI000003969	[(1883, 45.221917808219175, 126.17534246575343)]
EIE00101859	[(1882, 49.23913043478261, 98.97826086956522)]
EZE00100082	[(1886, 58.893150684931506, 128.96438356164384)]
FRE00104937	[(1888, NaN, 9990.0)]
GG000037545	[(1882, 79.6556886227545, NaN)]
GLE00100981	[(1885, -83.55681818181819, NaN)]
GM000002698	[(1888, 46.0792349726776, 126.95081967213115)]
GM000003319	[(1885, 41.463013698630135, 126.40821917808219)]
GM000004063	[(1882, 44.10526315789474, 131.51246537396122)]
GM000004199	[(1884, 42.54644808743169, 128.96448087431693)]
GM000004204	[(1882, 43.25479452054795, 141.05479452054794)]
GM000010962	[(1883, 18.024657534246575, 94.71780821917808)]
GMW00035032	[(1888, 50.177595628415304, 124.22404371584699)]
HR000142360	[(1882, 74.46849315068494, 159.6054794520548)]
HRE00105189	[(1883, 128.37808219178083, 193.7917808219178)]
ITE00100550	[(1887, 97.1013698630137, 167.03835616438357)]
ITE00100554	[(1883, 86.67945205479452, 166.51232876712328)]
RSM00022550	[(1887, -17.073972602739726, 40.81095890410959)]
RSM00026063	[(1884, -2.0054644808743167, 70.81967213114754)]
RSM00026477	[(1884, 15.41795665634675, 107.80745341614907)]
RSM00027857	[(1881, -29.468842729970326, NaN)]
RSM00028275	[(1889, -49.99452054794521, NaN)]
RSM00029263	[(1885, -75.18904109589042, NaN)]
RSM00030710	[(1887, -78.5068493150685, 65.66027397260274)]
RSM00031369	[(1885, -79.15702479338843, NaN)]
RSM00032061	[(1886, -44.843835616438355, NaN)]
RSM00034110	[(1889, 0.17796610169491525, 83.17796610169492)]
RSM00034163	[(1884, -20.76502732240437, NaN)]
RSM00034880	[(1884, 49.14754098360656, 143.53551912568307)]
RSM00037472	[(1884, 79.05464480874316, NaN)]
SZ000002220	[(1884, -45.11077844311377, 12.09009009009009)]
SZ000006717	[(1887, -58.01917808219178, 15.706849315068494)]
TX000038763	[(1885, 56.59322033898305, 199.0)]
UK000000000	[(1880, No TMIN Record Found, 64.0),]
UK000003026	[(1881, 40.90958904109589, 98.95342465753424)]
UK000047811	[(1886, 46.02739726027397, 116.78356164383561)]
UK000056225	[(1881, 55.22802197802198, 132.85479452054796)]
UPM00033345	[(1888, 15.068306010928962, 104.3688524590164)]
UPM00033889	[(1887, 58.777472527472526, 186.91538461538462)]
USC00015555	[(1883, 143.5068493150685, 250.7917808219178)]
USC00030936	[(1886, 176.38181818181818, 298.97076023391816)]
USC00033466	[(1888, 95.37808219178082, NaN)]
USC00034251	[(1883, 121.39118457300276, 222.8870523415978)]
USC00034562	[(1884, 163.15238095238095, 304.0373831775701)]
USC00035754	[(1889, 156.71354166666666, 270.130890052356)]
USC00043157	[(1881, NaN, 179.92602739726027)]
USC00047738	[(1887, 123.27945205479452, 195.46027397260275)]
USC00053010	[(1880, -55.595628415300546, 127.71857923497268)]
USC00064767	[(1880, 42.4207650273224, 156.2295081967213),]
USC00067361	[(1884, -41.01639344262295, 58.01639344262295)]
USC00090284	[(1884, -26.95, 361.0)]
USC00090430	[(1885, 86.02465753424657, 201.74794520547945)]
USC00134049	[(1886, 47.446575342465756, 112.07123287671233)]
USC00172740	[(1886, 5.814814814814815, 125.08389261744966)]
USC00174230	[(1887, -24.786713286713287, 75.11827956989248)]
USC00176902	[(1882, 47.221917808219175, 131.46301369863014)]
USC00190595	[(1887, -99.72413793103448, -14.11864406779661)]
USC00192010	[(1885, 3.265625, NaN)]
USC00193110	[(1886, 20.140056022408963, 136.18384401114207)]
USC00193625	[(1887, 27.635616438356163, NaN)]
USC00194295	[(1886, 45.97808219178082, 128.73698630136985)]
USC00194340	[(1886, 32.42089552238806, 133.5917808219178)]
USC00194360	[(1887, 43.74175824175824, 123.66849315068494)]
USC00194760	[(1886, 37.48559670781893, 121.65432098765432)]
USC00194795	[(1887, 36.9041095890411, 136.32602739726028)]
USC00194875	[(1888, 7.254098360655738, 131.3169398907104)]
USC00196770	[(1889, -30.0, -3.225806451612903)]
USC00198960	[(1886, 34.987096774193546, 155.86996904024767)]
USC00200032	[(1888, 9.364383561643836, 140.1639344262295)]
USC00200094	[(1889, 35.98148148148148, 63.7962962962963)]
USC00253035	[(1889, -21.957264957264957, 133.0672268907563)]
USC00264939	[(1889, -10.013245033112582, 132.28476821192052)]
USC00267835	[(1888, 66.13333333333334, 322.1333333333333)]
USC00270690	[(1886, 11.895238095238096, 162.5528846153846)]
USC00271678	[(1885, 15.276712328767124, 124.92876712328767)]
USC00271682	[(1887, 25.731506849315068, 129.67123287671234)]
USC00275712	[(1886, 21.852054794520548, 144.34520547945206)]
USC00275880	[(1889, 65.59469696969697, 176.07142857142858)]
USC00275997	[(1889, 18.375, 141.11337209302326)]
USC00278854	[(1885, 42.840375586854464, 160.11057692307693)]
USC00278875	[(1885, 44.90217391304348, 150.2336956521739)]
USC00287865	[(1886, 83.51497005988024, 141.5119760479042)]
USC00288878	[(1887, 130.93406593406593, 196.07142857142858)]
USC00298072	[(1882, 32.950413223140494, 163.7123287671233)]
USC00301010	[(1881, 45.054794520547944, 124.66027397260274)]
USC00307633	[(1885, 82.13071895424837, 154.86928104575162)]
USC00319191	[(1883, 139.50467289719626, 230.47142857142856)]
USC00319462	[(1882, 136.21917808219177, 221.1917808219178)]
USC00331662	[(1886, 44.6, 136.7068493150685)]
USC00338366	[(1887, 46.0027397260274, 142.7945205479452)]
USC00343300	[(1882, 100.11538461538461, 224.8131868131868)]
USC00419421	[(1883, 193.3177570093458, 342.1448598130841)]
USC00435733	[(1888, -10.702185792349727, 95.7103825136612)]
USC00456109	[(1882, 50.536986301369865, 141.75616438356164)]
USC00464045	[(1884, 50.076502732240435, 166.94535519125682)]
USC00466207	[(1882, 75.83287671232877, 166.23561643835617)]
USC00474375	[(1883, 19.465753424657535, 107.31506849315069)]
USC00474966	[(1880, 42.814207650273225, 135.86338797814207),]
USC00475484	[(1881, 42.104109589041094, 121.76986301369863)]
USW00012945	[(1885, 198.58695652173913, 301.0869565217391)]
USW00013724	[(1880, 77.79508196721312, 157.9672131147541),]
USW00013736	[(1883, -21.18888888888889, 77.52222222222223)]
USW00013984	[(1887, 48.4027397260274, 176.93150684931507)]
USW00014838	[(1882, 14.95068493150685, 106.53892215568862)]
USW00014936	[(1886, -6.978082191780822, 130.44931506849315)]
USW00023271	[(1885, 110.64931506849315, 229.6767123287671)]
USW00024128	[(1886, 17.13150684931507, 177.4191780821918)]
USW00024274	[(1881, 74.21917808219177, 158.7780821917808)]
USW00053875	[(1881, 115.65205479452055, 211.85205479452054)]
USW00053919	[(1885, 172.93023255813952, 301.9022988505747)]
USW00093725	[(1883, 74.31506849315069, 175.42465753424656)]
USW00093852	[(1885, 159.42191780821918, 247.27671232876713)]
USW00094728	[(1888, 57.221311475409834, 136.84699453551912)]
