AGE00147705	[(1888, 149.34615384615384, 224.32417582417582)]
AGE00147709	[(1884, 95.11748633879782, 189.33018867924528)]
AGE00147711	[(1888, 92.55681818181819, 203.810888252149)]
AGE00147712	[(1887, 79.375, 230.41129032258064)]
AGE00147713	[(1886, 97.62949640287769, 222.97491039426524)]
AGE00147716	[(1883, 91.61356932153393, 231.7159090909091)]
AGE00147717	[(1882, 18.441666666666666, 238.2054794520548)]
AGE00147718	[(1881, 157.99701492537312, 283.8123076923077)]
AGE00147719	[(1889, 87.18213058419244, 260.0740740740741)]
AJ000037735	[(1882, 96.55228758169935, 210.9346405228758)]
ASN00014016	[(1888, 234.3415300546448, 336.3224043715847)]
ASN00015540	[(1882, 133.57260273972602, 284.91506849315067)]
ASN00026026	[(1887, 94.06301369863014, 187.1917808219178)]
ASN00031010	[(1889, 228.9655172413793, 306.9032258064516)]
ASN00048013	[(1884, 149.28142076502732, 288.3169398907104)]
ASN00048030	[(1888, 128.224043715847, 299.3415300546448)]
ASN00052026	[(1888, 122.95027624309392, 265.27197802197804)]
ASN00055023	[(1888, 127.4, 267.9446808510638)]
ASN00056017	[(1887, 99.03835616438356, 208.9890410958904)]
ASN00063004	[(1884, 62.44615384615385, 216.15)]
ASN00065016	[(1885, 95.59943977591037, 259.08813559322033)]
ASN00066062	[(1886, 136.74246575342465, 212.38630136986302)]
ASN00072151	[(1884, 74.73817034700315, 241.02523659305993)]
ASN00074128	[(1887, 77.68589743589743, 270.9392971246006)]
ASN00086071	[(1884, 92.66939890710383, 192.9016393442623)]
ASN00090015	[(1888, 103.97540983606558, 181.23626373626374)]
ASN00094029	[(1885, 75.40273972602739, 163.37808219178083)]
AU000005010	[(1882, 49.43287671232877, 122.8082191780822)]
AU000005901	[(1885, 54.057534246575344, 136.6931506849315)]
AU000006306	[(1885, 48.986301369863014, 141.12876712328767)]
AU000011801	[(1883, 31.964383561643835, 125.83561643835617)]
AU000015410	[(1886, -134.4262295081967, -80.49180327868852)]
BE000006447	[(1880, 57.16120218579235, 136.70218579234972),]
CA001167635	[(1889, 42.55807365439094, 162.80845070422535)]
CA003012195	[(1887, -76.25641025641026, 65.29235880398672)]
CA003031093	[(1889, -27.473972602739725, 123.40273972602739)]
CA003033879	[(1887, -208.72881355932202, -99.89830508474576)]
CA003034480	[(1883, 63.56666666666667, 97.16666666666667)]
CA003050520	[(1887, -193.41176470588235, -74.17647058823529)]
CA003072657	[(1887, -188.125, -106.06008583690988)]
CA004016320	[(1883, -18.30841121495327, 102.96261682242991)]
CA004028035	[(1889, -31.065753424657533, 123.9013698630137)]
CA004056230	[(1888, -119.921875, 113.52631578947368)]
CA005011760	[(1881, -28.142045454545453, 55.106849315068494)]
CA005012520	[(1883, -118.67826086956522, 6.9)]
CA005022547	[(1882, -77.54605263157895, 57.36842105263158)]
CA005022790	[(1882, NaN, 77.98520710059172)]
CA005023243	[(1888, -62.30327868852459, 64.80874316939891)]
CA005063350	[(1882, -106.68219178082192, -4.16986301369863)]
CA006046588	[(1888, -50.31693989071038, 59.560109289617486)]
CA006085023	[(1883, -95.42068965517241, 47.234482758620686)]
CA006094450	[(1888, -9.028011204481793, 87.24649859943978)]
CA006101658	[(1889, -10.964383561643835, 117.75616438356164)]
CA006101872	[(1882, 6.695890410958904, 110.77808219178083)]
CA006102417	[(1883, -25.210227272727273, 106.58753709198812)]
CA006104185	[(1885, 3.6575342465753424, 92.91232876712328)]
CA006105887	[(1887, -11.535714285714286, 100.4532967032967)]
CA006106362	[(1880, -8.404371584699453, 114.76229508196721)]
CA006107003	[(1887, -24.707988980716255, 110.72176308539945)]
CA006108060	[(1883, -51.706849315068496, 83.74246575342465)]
CA006110549	[(1887, 2.087912087912088, 114.87637362637362)]
CA006110605	[(1882, -18.528767123287672, 103.2986301369863)]
CA006111766	[(1885, 9.768595041322314, 92.16528925619835)]
CA006112171	[(1882, 13.204918032786885, 94.48360655737704)]
CA006113000	[(1881, 4.337912087912088, 115.71703296703296)]
CA006116128	[(1882, 9.167123287671233, 110.48219178082192)]
CA006116254	[(1885, -31.216438356164385, 86.7095890410959)]
CA006120315	[(1886, 14.052054794520547, 121.11780821917809)]
CA006122845	[(1882, 41.02465753424657, 119.36986301369863)]
CA006124127	[(1881, -41.53146853146853, 125.38028169014085)]
CA006127887	[(1886, 9.504109589041096, 103.09041095890412)]
CA006129850	[(1885, -0.5287671232876713, 106.45753424657535)]
CA006136643	[(1881, 38.63835616438356, 125.37808219178082)]
CA006136694	[(1887, 23.69041095890411, 124.87671232876713)]
CA006137735	[(1884, 14.041533546325878, 126.98722044728434)]
CA006139445	[(1881, 16.01851851851852, 125.16666666666667)]
CA006139520	[(1887, 24.4185303514377, 146.2523961661342)]
CA006140941	[(1882, 21.99142857142857, 131.8942857142857)]
CA006141095	[(1884, 1.129120879120879, 118.90934065934066)]
CA006141843	[(1886, 2.813698630136986, 110.67671232876712)]
CA006142284	[(1883, -9.26801152737752, 96.95348837209302)]
CA006142993	[(1885, -1.0328767123287672, 105.44657534246575)]
CA006143083	[(1888, 0.48342541436464087, 110.89531680440771)]
CA006143780	[(1887, -51.77777777777778, 35.28169014084507)]
CA006144470	[(1884, -0.08256880733944955, 117.4329268292683)]
CA006148100	[(1884, 3.9972602739726026, 114.6027397260274)]
CA006148120	[(1885, -128.92436974789916, -10.521367521367521)]
CA006149625	[(1880, 14.114754098360656, 130.18032786885246),]
CA006150243	[(1889, 1.1835616438356165, 106.47123287671234)]
CA006150913	[(1888, 4.5710382513661205, 110.03551912568307)]
CA006152007	[(1886, 8.238888888888889, 118.21111111111111)]
CA006153192	[(1883, 0.07945205479452055, 125.9013698630137)]
CA006158350	[(1882, 31.076712328767123, 117.89315068493151)]
CA006164297	[(1884, -6.307926829268292, 153.27678571428572)]
CA006164430	[(1883, -20.77900552486188, 97.59116022099448)]
CA006166416	[(1883, -7.728155339805825, 107.91585760517799)]
CA007016280	[(1883, -27.972602739726028, 74.45753424657535)]
CA007021952	[(1881, -17.464285714285715, 89.09615384615384)]
CA007023240	[(1880, 5.546448087431694, 105.39617486338798),]
CA007025280	[(1880, 10.734972677595628, 110.99180327868852),]
CA007026465	[(1886, -27.254794520547946, 104.51648351648352)]
CA007050200	[(1887, -14.306849315068494, 40.01917808219178)]
CA007050790	[(1888, -3.180327868852459, 65.16120218579235)]
CA007056067	[(1882, -31.767123287671232, 57.79178082191781)]
CA007061440	[(1888, -40.421203438395416, 71.98850574712644)]
CA008100500	[(1880, -17.0, 87.61980830670926),]
CA008100990	[(1888, -19.325136612021858, 90.19125683060109)]
CA008101170	[(1888, -24.875, 72.86666666666666)]
CA008101230	[(1888, -14.827868852459016, 85.39071038251366)]
CA008101700	[(1883, -30.172602739726027, 99.86849315068493)]
CA008101920	[(1888, 4.7650273224043715, 92.43442622950819)]
CA008103825	[(1888, -25.114754098360656, 56.09836065573771)]
CA008104600	[(1887, 0.9424657534246575, 100.21369863013699)]
CA008104800	[(1882, 5.361643835616438, 81.26301369863013)]
CA008105600	[(1886, -101.64150943396227, -0.4716981132075472)]
CA008200150	[(1881, -39.26775956284153, 17.785714285714285)]
CA008202198	[(1882, 14.693370165745856, 103.53591160220995)]
CA008204420	[(1886, 27.42032967032967, 129.29395604395606)]
CA008205698	[(1880, -2.4562841530054644, 99.13387978142076),]
CA008205988	[(1881, -0.8622589531680441, 107.98618784530387)]
CA008206490	[(1883, 16.506849315068493, 93.3972602739726)]
CA008300298	[(1888, 54.54347826086956, 125.35326086956522)]
CA008300441	[(1883, -17.506849315068493, 88.24931506849315)]
CA008401125	[(1882, -19.424657534246574, NaN)]
CA008403500	[(1883, -7.201657458563536, 106.2396694214876)]
CA008500500	[(1888, -37.79234972677595, 20.40983606557377)]
CE000043497	[(1882, 236.92876712328768, 301.3424657534247)]
CE000434730	[(1885, 98.83791208791209, 198.40384615384616)]
CYE00100074	[(1884, 97.44267515923566, 266.1878453038674)]
DA000021100	[(1880, 49.885245901639344, 106.38524590163935),]
DA000025140	[(1887, 42.602739726027394, 99.67397260273972)]
DA000027080	[(1885, 43.87945205479452, 101.9972602739726)]
DA000030380	[(1885, 30.153424657534245, 112.40547945205479)]
DA000032030	[(1888, 41.521857923497265, 83.62290502793296)]
EGE00147726	[(1886, 117.07945205479452, 246.60179640718562)]
EGE00147732	[(1886, 155.03296703296704, 269.69505494505495)]
EI000003969	[(1885, 43.62465753424657, 121.35890410958905)]
EIE00101859	[(1884, 72.27123287671233, 134.5136612021858)]
EZE00100082	[(1888, 49.27049180327869, 116.44535519125684)]
FRE00104937	[(1881, NaN, 9990.0)]
GG000037545	[(1884, 71.19672131147541, NaN)]
GLE00100981	[(1887, -111.71954674220963, NaN)]
GM000002698	[(1881, 53.40821917808219, 137.7041095890411)]
GM000003319	[(1887, 49.657534246575345, 121.66027397260274)]
GM000004063	[(1884, 46.41803278688525, 136.42896174863387)]
GM000004199	[(1886, 41.224657534246575, 126.61369863013698)]
GM000004204	[(1884, 41.45355191256831, 140.35245901639345)]
GM000010962	[(1885, 25.063013698630137, 103.96438356164384)]
GMW00035032	[(1881, 52.723287671232875, 132.96438356164384)]
HR000142360	[(1884, 68.77595628415301, 149.39617486338798)]
HRE00105189	[(1885, 136.07671232876712, 200.44109589041096)]
ITE00100550	[(1880, 97.45901639344262, 177.78415300546447),]
ITE00100554	[(1885, 92.71232876712328, 170.70958904109588)]
KZ000035700	[(1886, NaN, 118.64657534246575)]
RSM00022550	[(1889, -8.016438356164384, 44.47123287671233)]
RSM00023711	[(1889, -36.19867549668874, NaN)]
RSM00026063	[(1886, 11.35890410958904, 81.6986301369863)]
RSM00026477	[(1886, 6.466480446927374, 97.80167597765363)]
RSM00027857	[(1883, -11.347945205479451, NaN)]
RSM00028440	[(1885, -139.86885245901638, -62.08196721311475)]
RSM00029263	[(1887, -73.16438356164383, 163.77011494252875)]
RSM00030710	[(1889, -91.28493150684932, 47.18904109589041)]
RSM00031369	[(1887, -64.48474576271187, NaN)]
RSM00032061	[(1888, -48.35245901639344, NaN)]
RSM00034880	[(1886, 8.458563535911603, 111.61878453038673)]
RSM00037472	[(1886, 84.03013698630137, NaN)]
SZ000002220	[(1886, -42.488950276243095, 17.480662983425415)]
SZ000006717	[(1880, -23.901639344262296, 24.685792349726775),]
TS000060765	[(1888, 99.45054945054945, 229.34806629834253)]
TSE00147769	[(1887, 116.95774647887323, 231.7134831460674)]
TSE00147775	[(1887, 155.98554913294797, 229.3984962406015)]
UK000000000	[(1882, 57.915068493150685, 131.55616438356165)]
UK000003026	[(1883, 49.3502994011976, 105.91044776119404)]
UK000047811	[(1888, 46.28142076502732, 119.22950819672131)]
UK000056225	[(1883, 62.02465753424657, 136.5013698630137)]
UPM00033345	[(1881, 14.75328947368421, 83.98684210526316)]
UPM00033587	[(1885, 12.885245901639344, NaN)]
UPM00033889	[(1889, 40.193251533742334, 143.70625)]
USC00012386	[(1889, 95.36363636363636, NaN)]
USC00015555	[(1885, 121.38356164383562, 228.1205479452055)]
USC00023096	[(1883, 161.49382716049382, 306.65432098765433)]
USC00030936	[(1888, 193.86486486486487, 302.6857142857143)]
USC00034251	[(1885, 114.9478021978022, 219.4120879120879)]
USC00034562	[(1886, 177.35658914728683, 321.07042253521126)]
USC00043157	[(1883, -10.257534246575343, 170.4904109589041)]
USC00046115	[(1889, 145.0, 274.793427230047)]
USC00047738	[(1880, 109.67486338797814, 188.77322404371586),]
USC00053010	[(1882, -51.3013698630137, 133.97527472527472)]
USC00061536	[(1885, 17.305295950155763, 152.94637223974763)]
USC00064767	[(1882, 36.441095890410956, 147.33150684931508)]
USC00065445	[(1885, 2.643835616438356, 113.20547945205479)]
USC00067361	[(1886, 27.63141993957704, 131.42296072507554)]
USC00090430	[(1887, 97.56712328767124, 198.5808219178082)]
USC00134049	[(1888, -189.80645161290323, -121.41935483870968)]
USC00144559	[(1881, 88.07843137254902, -352.5211267605634)]
USC00172740	[(1888, -10.634349030470915, 103.85164835164835)]
USC00174230	[(1889, 31.09667673716012, 116.67272727272727)]
USC00175070	[(1886, -109.10526315789474, 205.42857142857142)]
USC00176902	[(1884, 44.61748633879781, 130.39890710382514)]
USC00190595	[(1889, 14.821138211382113, 83.89430894308943)]
USC00191097	[(1885, 38.87227414330218, 133.72530864197532)]
USC00192010	[(1887, 4.161184210526316, 112.52805280528052)]
USC00193110	[(1888, -12.824074074074074, 108.50308641975309)]
USC00193625	[(1889, 41.889830508474574, NaN)]
USC00194295	[(1888, 42.013661202185794, 123.80054644808743)]
USC00194340	[(1888, -0.0273224043715847, 119.79234972677595)]
USC00194360	[(1889, 58.635820895522386, 131.5313432835821)]
USC00194795	[(1889, 45.48760330578512, 142.58356164383562)]
USC00198374	[(1886, 38.07123287671233, 157.3945205479452)]
USC00198375	[(1885, 27.583561643835615, 149.87123287671233)]
USC00198960	[(1888, 15.333333333333334, 136.84984984984985)]
USC00199731	[(1885, -32.814126394052046, 72.14179104477611)]
USC00200718	[(1888, -33.0, 72.0)]
USC00201215	[(1889, 126.96774193548387, 214.20967741935485)]
USC00202466	[(1889, 149.11290322580646, 272.2096774193548)]
USC00205065	[(1888, 59.17934782608695, 130.55434782608697)]
USC00215638	[(1887, -17.575342465753426, 95.30684931506849)]
USC00252065	[(1889, 181.82051282051282, 292.37068965517244)]
USC00261395	[(1889, 86.73818181818181, 205.3822393822394)]
USC00263040	[(1888, -34.06666666666667, 117.6896551724138)]
USC00263515	[(1887, -33.07692307692308, 60.175)]
USC00268349	[(1889, -2.9541547277936964, 151.49137931034483)]
USC00270690	[(1888, -29.629834254143645, 104.12154696132596)]
USC00271678	[(1887, 25.80821917808219, 128.4027397260274)]
USC00271682	[(1880, 31.081967213114755, 156.52732240437157),]
USC00275072	[(1886, 37.77124183006536, 157.79738562091504)]
USC00275712	[(1888, 17.16716417910448, 135.17611940298508)]
USC00278440	[(1887, -8.063186813186814, 133.7041095890411)]
USC00278854	[(1887, 5.88515406162465, 111.17058823529412)]
USC00288878	[(1880, 101.07945205479452, 175.02739726027397),]
USC00298072	[(1884, -59.14705882352941, 53.41935483870968)]
USC00300958	[(1887, 74.07756232686981, 158.05277777777778)]
USC00301010	[(1883, 30.5972602739726, 114.75342465753425)]
USC00307633	[(1887, 65.53972602739726, 144.24657534246575)]
USC00319462	[(1884, 136.15027322404373, 229.79781420765028)]
USC00324418	[(1881, 167.0, 283.0)]
USC00331662	[(1888, 47.060109289617486, 132.73224043715848)]
USC00338366	[(1880, 69.26502732240438, 153.38524590163934),]
USC00343300	[(1884, 118.97282608695652, 250.34782608695653)]
USC00363711	[(1888, 89.90760869565217, 172.52173913043478)]
USC00367239	[(1885, 35.974264705882355, 111.26838235294117)]
USC00383742	[(1885, 154.69021739130434, 283.6304347826087)]
USC00411888	[(1888, 93.17777777777778, 184.31521739130434)]
USC00419421	[(1885, 191.0054347826087, 303.67934782608694)]
USC00431072	[(1883, NaN, -5.032258064516129)]
USC00456109	[(1884, 53.53551912568306, 150.35792349726776)]
USC00464045	[(1886, 49.153424657534245, 158.3972602739726)]
USC00464897	[(1889, 108.3723849372385, 184.94979079497907)]
USC00474375	[(1885, 27.12876712328767, 113.17260273972603)]
USC00474966	[(1882, 44.43013698630137, 132.72328767123287)]
USC00475484	[(1883, 22.345205479452055, 106.33698630136986)]
USC00481816	[(1881, 100.0, 267.0)]
USW00012945	[(1887, 192.65217391304347, 317.19565217391306)]
USW00013724	[(1882, 76.27671232876712, 149.94520547945206)]
USW00013984	[(1889, 55.56164383561644, 176.96164383561643)]
USW00014838	[(1884, -97.74590163934427, 9.073770491803279)]
USW00014898	[(1887, 9.852054794520548, 110.41643835616438)]
USW00014936	[(1888, -14.172131147540984, 120.0464480874317)]
USW00014971	[(1886, -23.824175824175825, 92.86813186813187)]
USW00023068	[(1889, 34.632876712328766, 189.71506849315068)]
USW00023271	[(1887, 87.87123287671233, 228.08767123287672)]
USW00024128	[(1888, 19.90983606557377, 178.39617486338798)]
USW00024274	[(1883, 69.30684931506849, 165.14794520547946)]
USW00053875	[(1883, 113.83287671232877, 214.16438356164383)]
USW00053919	[(1887, 118.45238095238095, 316.3809523809524)]
USW00093725	[(1885, 55.46027397260274, 168.2931506849315)]
USW00093852	[(1887, 155.53424657534248, 252.73150684931508)]
USW00094728	[(1881, 73.44657534246575, 152.6958904109589)]
UZM00038618	[(1888, 83.08743169398907, NaN)]
