AGE00135039	[(1887, 142.0775623268698, 221.58904109589042)]
AGE00147709	[(1889, 90.91445427728614, 174.68208092485548)]
AGE00147713	[(1882, 69.0415512465374, 210.47619047619048)]
AGE00147715	[(1889, 88.6687306501548, 237.90273556231003)]
AGE00147716	[(1888, 131.26404494382024, 217.1629213483146)]
AGE00147717	[(1887, 88.26849315068493, 243.46153846153845)]
AGE00147718	[(1886, 145.8598901098901, 266.3924418604651)]
AM000037789	[(1887, 49.21643835616438, NaN)]
ASN00015540	[(1887, 122.47397260273972, 289.90410958904107)]
ASN00038003	[(1888, 158.525, 328.0734463276836)]
ASN00048013	[(1880, 123.73546511627907, 283.2093023255814),]
ASN00048030	[(1884, 104.02011494252874, 324.625)]
ASN00052026	[(1884, 133.22191011235955, 290.6912568306011)]
ASN00055023	[(1884, 128.6264705882353, 261.0235294117647)]
ASN00056017	[(1883, 52.16022099447514, 232.4931129476584)]
ASN00063004	[(1880, 64.68939393939394, 202.01520912547528),]
ASN00065016	[(1881, 103.78904109589041, 247.46849315068494)]
ASN00066062	[(1882, 135.813698630137, 211.42191780821918)]
ASN00072151	[(1880, 90.6412213740458, 241.63846153846154),]
ASN00074128	[(1883, 83.86816720257235, 242.86495176848874)]
ASN00086071	[(1880, 99.3415300546448, 194.05191256830602),]
ASN00090015	[(1884, 96.78595317725753, 188.40389972144845)]
AU000005010	[(1887, 40.054794520547944, 110.43287671232876)]
AU000005901	[(1881, 47.9013698630137, 122.95068493150686)]
AU000006306	[(1881, 38.41917808219178, 123.01917808219179)]
AU000011801	[(1888, 42.08743169398907, 120.05191256830601)]
BE000006447	[(1885, 47.21369863013699, 126.41917808219178)]
CA001066336	[(1886, 57.160377358490564, 130.1822429906542)]
CA001090660	[(1889, -21.29639889196676, 80.1606648199446)]
CA001114620	[(1881, 38.68975903614458, 138.11746987951807)]
CA003012195	[(1883, -64.55014326647564, 71.59312320916905)]
CA003031093	[(1885, -32.34550561797753, 121.79213483146067)]
CA003032680	[(1885, 40.857142857142854, 173.06349206349208)]
CA003034480	[(1888, -23.120218579234972, 105.97814207650273)]
CA003072657	[(1883, -181.83132530120483, -109.92682926829268)]
CA004016320	[(1888, -55.80054644808743, 58.778688524590166)]
CA004016560	[(1885, -59.057534246575344, 75.0958904109589)]
CA004028035	[(1885, -108.41935483870968, 1.8387096774193548)]
CA004040420	[(1884, -107.42745098039215, 8.662745098039215)]
CA004056230	[(1884, -163.15841584158414, -14.237623762376238)]
CA005010977	[(1889, -45.23835616438356, 83.82465753424657)]
CA005011760	[(1886, -79.1917808219178, 69.03287671232877)]
CA005012279	[(1889, -11.343971631205674, 124.69675090252707)]
CA005012520	[(1888, -82.47790055248619, 47.467213114754095)]
CA005012540	[(1889, -42.52054794520548, 108.9013698630137)]
CA005022790	[(1887, -70.20821917808219, 65.24657534246575)]
CA005023243	[(1884, -65.04371584699453, 44.095628415300546)]
CA005063350	[(1887, -150.42739726027398, -60.704109589041096)]
CA006046588	[(1884, -54.775956284153004, 64.82786885245902)]
CA006085023	[(1888, -35.21132075471698, 108.45136186770428)]
CA006101872	[(1887, -2.6904109589041094, 108.22191780821917)]
CA006104185	[(1881, 24.424657534246574, 127.7041095890411)]
CA006105887	[(1883, -17.36986301369863, 89.14246575342466)]
CA006106362	[(1885, -18.18732782369146, 103.0633608815427)]
CA006108060	[(1888, -41.82513661202186, 86.56010928961749)]
CA006110549	[(1883, -8.857534246575343, 98.75342465753425)]
CA006110605	[(1887, -26.257534246575343, 97.28219178082192)]
CA006111375	[(1888, -44.704918032786885, 86.83879781420765)]
CA006111793	[(1881, 103.9090909090909, 205.11363636363637)]
CA006112171	[(1887, 9.069832402234637, 106.05263157894737)]
CA006113000	[(1886, -4.03013698630137, 102.77808219178083)]
CA006113660	[(1883, -29.22222222222222, 97.04746835443038)]
CA006116128	[(1887, -10.437673130193906, 113.36754966887418)]
CA006116254	[(1881, -1.8794520547945206, 111.77534246575343)]
CA006118187	[(1889, -6.968652037617555, 94.96865203761756)]
CA006119064	[(1888, -53.81693989071038, 93.91808873720136)]
CA006120315	[(1882, 17.721311475409838, 113.64754098360656)]
CA006122845	[(1887, 24.361643835616437, 112.69589041095891)]
CA006124127	[(1886, 28.01197604790419, 121.08083832335329)]
CA006124700	[(1886, 53.546728971962615, 163.093896713615)]
CA006127887	[(1882, 16.34794520547945, 114.30958904109589)]
CA006129850	[(1881, 73.1534090909091, 184.27272727272728)]
CA006136643	[(1886, 29.235616438356164, 113.4958904109589)]
CA006136694	[(1883, 9.926027397260274, 126.07558139534883)]
CA006137147	[(1889, 24.052054794520547, 138.0082191780822)]
CA006137735	[(1880, 25.694267515923567, 138.34076433121018)]
CA006139445	[(1886, 18.483870967741936, 119.60410557184751)]
CA006139520	[(1883, 19.511182108626198, 133.56230031948883)]
CA006140941	[(1887, 17.02770083102493, 135.6778711484594)]
CA006141095	[(1880, -1.6133333333333333, 124.01944444444445),]
CA006141843	[(1882, 7.544198895027624, 112.0939226519337)]
CA006142284	[(1888, 2.2868852459016393, 99.90163934426229)]
CA006142993	[(1881, 23.567123287671233, 132.27671232876713)]
CA006143083	[(1884, 5.286885245901639, 120.51912568306011)]
CA006144470	[(1880, 24.25824175824176, 116.28333333333333),]
CA006144505	[(1887, 17.873972602739727, 120.44109589041096)]
CA006148100	[(1880, 15.829608938547485, 119.49162011173185)]
CA006148120	[(1881, -29.634615384615383, 44.32692307692308)]
CA006149625	[(1885, -7.964383561643835, 104.51506849315068)]
CA006150913	[(1884, 6.415300546448087, 111.94535519125684)]
CA006152007	[(1882, 61.33168316831683, 169.89162561576356)]
CA006153192	[(1888, -58.50847457627118, 55.78846153846154)]
CA006155876	[(1886, 10.265193370165745, 113.17403314917127)]
CA006158350	[(1887, 19.356164383561644, 114.6054794520548)]
CA006160465	[(1884, -35.95, 100.4298245614035)]
CA006164297	[(1880, 32.268595041322314,  No TMAX Record Found),]
CA006164430	[(1888, -15.819672131147541, 105.44535519125684)]
CA006165195	[(1888, -41.377049180327866, 100.5327868852459)]
CA006165716	[(1886, -13.601719197707736, 137.2327868852459)]
CA007016280	[(1888, -19.243169398907103, 66.53825136612022)]
CA007021952	[(1886, -30.28021978021978, 82.70604395604396)]
CA007021954	[(1884, 2.6149425287356323, 106.17260273972603)]
CA007023240	[(1885, -10.36986301369863, 85.98630136986301)]
CA007025280	[(1885, -0.536986301369863, 86.04657534246576)]
CA007026465	[(1882, -16.892857142857142, 97.89041095890411)]
CA007050200	[(1883, -23.931506849315067, 34.88493150684931)]
CA007050790	[(1884, -11.901639344262295, 58.349726775956285)]
CA007056067	[(1887, -36.986301369863014, 50.0986301369863)]
CA007061440	[(1884, -42.507751937984494, 60.34177215189873)]
CA007095000	[(1885, -95.59715639810426, 27.07035175879397)]
CA008100500	[(1885, -22.20234604105572, 100.80351906158357)]
CA008100990	[(1884, -22.873972602739727, 88.76986301369863)]
CA008101170	[(1884, -37.603305785123965, 64.73351648351648)]
CA008101700	[(1888, -14.062841530054644, 93.02459016393442)]
CA008101920	[(1884, 13.775956284153006, 99.34426229508196)]
CA008104600	[(1883, -2.9945205479452053, 94.47671232876712)]
CA008104800	[(1887, -0.38082191780821917, 92.01369863013699)]
CA008200150	[(1886, -45.5472972972973, 80.61486486486487)]
CA008200300	[(1883, -26.395061728395063, 83.82644628099173)]
CA008202198	[(1887, 14.953424657534246, 112.9068493150685)]
CA008204420	[(1882, 5.446575342465754, 91.55342465753425)]
CA008204480	[(1885, 4.576086956521739, 141.56521739130434)]
CA008205698	[(1885, 3.3232876712328765, 102.23561643835616)]
CA008205988	[(1886, 7.198895027624309, 117.35812672176309)]
CA008206490	[(1888, 22.661202185792348, 91.90163934426229)]
CA008300298	[(1884, -5.60655737704918, 84.61748633879782)]
CA008300441	[(1888, -11.238356164383562, 82.36612021857924)]
CA008403500	[(1888, 3.2950819672131146, 80.00819672131148)]
CA008500500	[(1884, -9.974452554744525, 34.306569343065696)]
CE000043497	[(1887, 230.06849315068493, 295.44884488448844)]
CE000434730	[(1881, 99.93956043956044, 201.64835164835165)]
CYE00100074	[(1889, 135.24786324786325, 263.0412087912088)]
DA000021100	[(1885, 45.104109589041094, 93.9945205479452)]
DA000025140	[(1883, 52.04931506849315, 105.84109589041095)]
DA000027080	[(1881, 29.75890410958904, 91.95505617977528)]
DA000030380	[(1881, 24.84931506849315, 99.56438356164384)]
DA000032030	[(1884, 57.4344262295082, 105.6584699453552)]
EI000003969	[(1881, 44.26301369863014, 123.84109589041095)]
EIE00101859	[(1880, 65.0327868852459, 139.19672131147541),]
EZE00100082	[(1884, 60.1448087431694, 130.0655737704918)]
FRE00104937	[(1886, NaN, 9990.0)]
GG000037545	[(1889, 92.7185628742515, 200.03892215568862)]
GLE00100981	[(1883, -85.47397260273972, NaN)]
GM000002698	[(1886, 56.032876712328765, 144.46301369863014)]
GM000003319	[(1883, 41.33424657534247, 129.4849315068493)]
GM000004063	[(1880, 42.65846994535519, 127.47267759562841),]
GM000004199	[(1882, 38.50410958904109, 126.53972602739726)]
GM000004204	[(1880, 33.63661202185792, 149.81967213114754),]
GM000010962	[(1881, 22.504109589041096, 95.08219178082192)]
GME00121258	[(1889, 42.26849315068493, 125.75616438356164)]
GMW00035032	[(1886, 60.56164383561644, 140.96712328767123)]
HR000142360	[(1889, 67.40547945205479, 138.34246575342465)]
HRE00105189	[(1881, 127.56712328767124, 188.7972602739726)]
ITE00100550	[(1885, 102.2986301369863, 167.05205479452056)]
ITE00100554	[(1881, 89.87945205479453, 172.1041095890411)]
KZ000035188	[(1884, -8.494565217391305, NaN)]
KZ000035700	[(1882, -116.38709677419355, NaN)]
RSM00022550	[(1885, -32.81095890410959, 30.389041095890413)]
RSM00023804	[(1888, -4.817843866171004, NaN)]
RSM00024944	[(1882, -168.70909090909092, NaN)]
RSM00026063	[(1882, 13.013698630136986, NaN)]
RSM00026477	[(1882, 22.011204481792717, 94.00280112044818)]
RSM00028275	[(1887, -149.8360655737705, NaN)]
RSM00028440	[(1881, -25.5748502994012, NaN)]
RSM00031369	[(1883, -14.766666666666667, NaN)]
RSM00032061	[(1884, -68.38251366120218, NaN)]
RSM00032071	[(1889, -81.04347826086956, NaN)]
RSM00034880	[(1882, 58.9013698630137, 149.0)]
RSM00037472	[(1882, 83.22802197802197, NaN)]
SZ000002220	[(1882, -49.33606557377049, -3.3140495867768593)]
SZ000006717	[(1885, -43.8054794520548, 14.967123287671233)]
TX000038763	[(1883, 211.25, NaN)]
TX000038895	[(1889, 48.888888888888886, NaN)]
UK000000000	[(1887, 42.397260273972606, 123.74794520547945)]
UK000003026	[(1888, 43.05191256830601, 101.33060109289617)]
UK000047811	[(1884, 49.62841530054645, 129.3551912568306)]
UK000056225	[(1888, 52.0, 122.8688524590164)]
UPM00033345	[(1886, 25.876712328767123, 110.15342465753425)]
UPM00033946	[(1888, 51.885714285714286, NaN)]
UPM00033976	[(1885, 101.17534246575343, 148.55890410958904)]
USC00015555	[(1881, 142.63835616438357, 246.2821917808219)]
USC00030936	[(1884, 137.75, 296.73015873015873)]
USC00034251	[(1881, 129.92307692307693, 224.0054945054945)]
USC00034988	[(1885, 87.45429362880887, 206.4793388429752)]
USC00035186	[(1888, 164.17877094972067, 300.5195530726257)]
USC00035754	[(1887, 181.53521126760563, 311.07042253521126)]
USC00043157	[(1888, 27.811475409836067, 172.76775956284152)]
USC00047738	[(1885, 129.3835616438356, 210.36986301369862)]
USC00064767	[(1887, 36.44931506849315, 148.23835616438356)]
USC00134049	[(1884, 58.15223880597015, 119.5223880597015)]
USC00171100	[(1889, 35.8644578313253, 133.11854103343464)]
USC00172426	[(1889, 63.0, 124.8)]
USC00174230	[(1885, -25.348837209302324, 57.252873563218394)]
USC00176902	[(1880, 48.833333333333336, 135.327868852459),]
USC00190595	[(1885, 79.84210526315789, 165.40758293838863)]
USC00191650	[(1889, 61.66301369863014, 135.62465753424658)]
USC00191820	[(1887, 37.52694610778443, 115.1556886227545)]
USC00193625	[(1885, -3.5543478260869565, NaN)]
USC00194012	[(1888, 27.401960784313726, 168.0033222591362)]
USC00194360	[(1885, 15.119565217391305, 90.22826086956522)]
USC00194795	[(1885, 74.33061224489796, 178.58775510204083)]
USC00194875	[(1886, 13.24931506849315, 142.2821917808219)]
USC00195317	[(1888, -85.85393258426966, 16.786516853932586)]
USC00196770	[(1887, 28.750692520775623, 132.81994459833794)]
USC00196988	[(1888, 15.382513661202186, 92.3743169398907)]
USC00200146	[(1889, -13.750915750915752, 118.63157894736842)]
USC00260507	[(1888, 33.34530386740332, 163.19945355191257)]
USC00260770	[(1889, 64.21632653061225, 178.37551020408162)]
USC00262708	[(1889, 8.494011976047904, 175.83880597014925)]
USC00264939	[(1887, 15.810958904109588, 171.0082191780822)]
USC00266252	[(1888, 14.446022727272727, 183.33879781420765)]
USC00271682	[(1885, 15.035616438356165, 126.72328767123288)]
USC00275997	[(1887, -25.663716814159294, 94.12389380530973)]
USC00277060	[(1886, 29.153191489361703, 166.86666666666667)]
USC00279307	[(1889, -12.453038674033149, 127.11602209944752)]
USC00287865	[(1884, 76.98907103825137, 152.55464480874318)]
USC00298072	[(1880, -3.278688524590164, 149.8224043715847),]
USC00301010	[(1888, 32.96448087431694, 108.93989071038251)]
USC00316103	[(1882, 124.78260869565217, NaN)]
USC00319462	[(1880, 127.06284153005464, 228.24043715846994),]
USC00331662	[(1884, 48.15300546448088, 137.58743169398906)]
USC00338366	[(1885, 40.25205479452055, 128.57260273972602)]
USC00343300	[(1880, 94.19398907103825, 219.29234972677597),]
USC00406012	[(1883, 20.5, 138.45)]
USC00413257	[(1883, -8.26530612244898, 137.9387755102041)]
USC00422996	[(1888, -44.89344262295082, 164.7431693989071)]
USC00431072	[(1888, -83.29166666666667, 101.80124223602485)]
USC00456109	[(1880, 43.648648648648646, 137.95810055865923),]
USC00466207	[(1880, 80.82222222222222, 176.125)]
USC00469368	[(1881, NaN, -180.5)]
USC00474375	[(1881, 44.19178082191781, 130.03287671232877)]
USC00474966	[(1887, 23.660273972602738, 123.26301369863013)]
USC00475484	[(1888, 22.10655737704918, 105.00546448087432)]
USW00012945	[(1883, 196.2394366197183, 325.92056074766356)]
USW00013724	[(1887, 75.58356164383562, 150.2986301369863)]
USW00013736	[(1881, 79.78356164383561, 174.2219178082192)]
USW00013872	[(1880, 15.403846153846153, 116.11320754716981),]
USW00013984	[(1885, 89.2, 211.97551020408164)]
USW00014838	[(1880, 4.912568306010929, 105.44262295081967),]
USW00014936	[(1884, -10.092896174863387, 119.85792349726776)]
USW00023271	[(1883, 93.07945205479452, 219.46849315068494)]
USW00024128	[(1884, -51.483870967741936, 66.3225806451613)]
USW00024274	[(1888, 69.7568306010929, 173.1120218579235)]
USW00053875	[(1888, 105.27049180327869, 211.54371584699453)]
USW00053919	[(1883, 151.36, 293.58152173913044)]
USW00093725	[(1881, 75.76347305389221, 173.64071856287424)]
USW00093820	[(1888, 69.40947075208913, 176.12707182320443)]
USW00093852	[(1883, 175.6931506849315, 260.7917808219178)]
USW00094728	[(1886, 66.4958904109589, 148.81643835616438)]
UZM00038457	[(1883, 105.08088235294117, 216.35029940119762)]
UZM00038618	[(1884, 65.8224043715847, NaN)]
