AGE00135039	[(1886, 143.33241758241758, 227.46107784431138)]
AGE00147708	[(1889, 100.53658536585365, 227.95294117647057)]
AGE00147709	[(1888, 97.2967032967033, 176.82967032967034)]
AGE00147713	[(1881, 79.34246575342466, 214.39178082191782)]
AGE00147715	[(1888, 93.30113636363636, 238.87921348314606)]
AGE00147716	[(1887, 130.95211267605634, 220.19774011299435)]
AGE00147717	[(1886, 89.64309764309765, 248.92128279883383)]
AGE00147718	[(1885, 147.18662952646238, 270.0640668523677)]
AGE00147720	[(1889, 51.63548387096774, 214.6372239747634)]
AM000037789	[(1886, 45.172602739726024, NaN)]
ASN00015540	[(1886, 124.30684931506849, 295.1868131868132)]
ASN00044022	[(1889, 116.39183673469388, 257.2887029288703)]
ASN00048013	[(1888, 124.42349726775956, 306.827868852459)]
ASN00048030	[(1883, 104.31506849315069, 290.47633136094674)]
ASN00052026	[(1883, 115.74550898203593, 275.1556886227545)]
ASN00055023	[(1883, 122.55409836065574, 270.2826747720365)]
ASN00056017	[(1882, 60.14159292035398, 221.11209439528022)]
ASN00063004	[(1888, 55.08880308880309, 228.84942084942085)]
ASN00065016	[(1880, 112.32786885245902, 264.8415300546448),]
ASN00066062	[(1881, 130.8904109589041, 204.2164383561644)]
ASN00072151	[(1888, 48.475095785440615, 255.81992337164752)]
ASN00074128	[(1882, 85.4, 247.8483870967742)]
ASN00086071	[(1888, 92.98907103825137, 192.77868852459017)]
ASN00090015	[(1883, 104.08219178082192, 200.096875)]
ASN00091049	[(1884, 108.5, 234.74074074074073)]
ASN00094029	[(1889, 79.87671232876713, 169.33698630136988)]
AU000005010	[(1886, 49.1945205479452, 120.56438356164384)]
AU000005901	[(1880, 57.12841530054645, 138.99180327868854),]
AU000006306	[(1880, 45.47540983606557, 131.1830601092896),]
AU000011801	[(1887, 39.42739726027397, 118.0)]
BE000006447	[(1884, 59.01639344262295, 138.84699453551912)]
CA001090660	[(1888, -22.35223880597015, 110.15625)]
CA001101530	[(1881, 57.59327217125382, 149.33639143730886)]
CA001167635	[(1884, 45.996350364963504, 167.6970802919708)]
CA003012195	[(1882, -53.17796610169491, 75.05633802816901)]
CA003031093	[(1884, -30.78804347826087, 104.21739130434783)]
CA003034480	[(1887, -39.20821917808219, 96.55616438356165)]
CA004013030	[(1889, -7.787234042553192, 134.41228070175438)]
CA004016320	[(1887, -68.13150684931507, 53.153424657534245)]
CA004016560	[(1884, -82.13661202185793, 52.275956284153004)]
CA004040420	[(1883, -196.5549132947977, -58.60919540229885)]
CA005011760	[(1885, -80.2986301369863, 54.81917808219178)]
CA005012279	[(1888, -48.95505617977528, 64.88764044943821)]
CA005012520	[(1887, -87.8, 51.78630136986301)]
CA005012540	[(1888, -63.49726775956284, 78.03551912568307)]
CA005022790	[(1886, -60.035714285714285, 75.50824175824175)]
CA005023243	[(1883, -80.62191780821918, 47.45753424657534)]
CA005063350	[(1886, -125.3013698630137, -39.515068493150686)]
CA006046588	[(1883, -68.17534246575343, 61.583561643835615)]
CA006085023	[(1887, -47.83934426229508, 113.93548387096774)]
CA006100969	[(1886, 14.73816155988858, 113.6878453038674)]
CA006101872	[(1886, 1.4465753424657535, 109.98901098901099)]
CA006104185	[(1880, 24.311475409836067, 126.30601092896175),]
CA006105887	[(1882, -34.59782608695652, 40.67391304347826)]
CA006105976	[(1889, -59.52459016393443, 13.950819672131148)]
CA006106362	[(1884, -17.724719101123597, 106.73033707865169)]
CA006108060	[(1887, -45.24931506849315, 98.4876712328767)]
CA006110549	[(1882, 10.038461538461538, 118.4065934065934)]
CA006110605	[(1886, -21.421917808219177, 92.67671232876712)]
CA006111375	[(1887, -51.12759643916914, 100.74794520547945)]
CA006111766	[(1889, -1.558904109589041, 115.96986301369863)]
CA006112171	[(1886, 10.537396121883656, 103.06060606060606)]
CA006113000	[(1885, -20.794520547945204, 91.10989010989012)]
CA006113660	[(1882, -32.384892086330936, 122.36071428571428)]
CA006116128	[(1886, 4.851485148514851, 102.3036303630363)]
CA006116254	[(1880, -5.8743169398907105, 105.12021857923497),]
CA006118187	[(1888, 48.00483091787439, 149.47846889952154)]
CA006119064	[(1887, -38.12876712328767, 99.2986301369863)]
CA006122845	[(1886, 23.065753424657533, 108.66027397260274)]
CA006124127	[(1885, 9.306358381502891, 106.22543352601156)]
CA006127887	[(1881, 14.786301369863013, 114.87123287671233)]
CA006129850	[(1889, 26.336986301369862, 127.61643835616438)]
CA006136643	[(1885, 16.517808219178082, 102.73150684931507)]
CA006136694	[(1882, 33.57534246575342, 127.38630136986302)]
CA006137147	[(1888, 6.549180327868853, 121.8360655737705)]
CA006137735	[(1888, -123.8125, -27.395833333333332)]
CA006139445	[(1885, 0.02556818181818182, 103.52991452991454)]
CA006139520	[(1882, 37.26282051282051, 144.01282051282053)]
CA006140941	[(1886, 27.87037037037037, 127.10364145658264)]
CA006141095	[(1888, 0.7837078651685393, 113.7247191011236)]
CA006141843	[(1881, 9.623626373626374, 126.59504132231405)]
CA006142284	[(1887, 5.698630136986301, 109.34520547945205)]
CA006142993	[(1880, 25.806010928961747, 128.34972677595627)]
CA006143083	[(1883, 4.898351648351649, 107.31593406593407)]
CA006144470	[(1888, -9.537267080745341, 99.6269592476489)]
CA006144505	[(1886, 14.578082191780823, 116.37534246575342)]
CA006148100	[(1888, -1.5867768595041323, 105.58126721763085)]
CA006149625	[(1884, 2.8961748633879782, 118.37978142076503)]
CA006150913	[(1883, -1.6712328767123288, 101.33424657534246)]
CA006153192	[(1887, -6.440828402366864, 136.5596590909091)]
CA006155876	[(1885, -1.3424657534246576, 107.40934065934066)]
CA006158065	[(1889, 36.26865671641791, 127.53618421052632)]
CA006158350	[(1886, 18.03287671232877, 110.02739726027397)]
CA006160465	[(1883, -43.554913294797686, 82.54913294797687)]
CA006164297	[(1888, -17.842261904761905, 94.24404761904762)]
CA006164430	[(1887, -10.216438356164383, 116.14520547945206)]
CA006165195	[(1887, -38.93698630136986, 115.81643835616438)]
CA006165716	[(1885, -12.254098360655737, 133.95901639344262)]
CA006166416	[(1887, -15.690751445086706, 128.6986301369863)]
CA007016280	[(1887, -16.794520547945204, 75.6986301369863)]
CA007021952	[(1885, -36.86813186813187, 80.36263736263736)]
CA007021954	[(1883, -24.082872928176794, 97.22375690607734)]
CA007023240	[(1884, 0.3342618384401114, 101.79945054945055)]
CA007025280	[(1884, 9.327868852459016, 98.06830601092896)]
CA007026465	[(1881, 37.53005464480874, 151.53296703296704)]
CA007050200	[(1882, -16.627397260273973, 44.4027397260274)]
CA007050790	[(1883, -8.832876712328767, 65.28219178082192)]
CA007056067	[(1886, -29.775342465753425, 57.83835616438356)]
CA007061440	[(1883, -41.263345195729535, 90.1)]
CA008100500	[(1884, -27.674418604651162, 93.61627906976744)]
CA008100990	[(1883, -30.745205479452054, 91.64657534246575)]
CA008101170	[(1883, -43.8756906077348, 63.649171270718234)]
CA008101700	[(1887, -15.575342465753424, 98.77808219178083)]
CA008101920	[(1883, 42.33898305084746, 132.70056497175142)]
CA008103100	[(1882, -90.08403361344538, -22.361344537815125)]
CA008104600	[(1882, 6.008219178082192, 98.35616438356165)]
CA008104800	[(1886, 3.654696132596685, 98.03867403314918)]
CA008200150	[(1885, 24.322580645161292, 139.6451612903226)]
CA008200300	[(1882, 22.965986394557824, 103.61754385964912)]
CA008202198	[(1886, 22.92054794520548, 116.4904109589041)]
CA008204420	[(1881, 6.426865671641791, 92.62089552238805)]
CA008205698	[(1884, 1.5765027322404372, 96.35245901639344)]
CA008205988	[(1885, -3.9519774011299433, 112.57062146892656)]
CA008206410	[(1883, -135.10526315789474, 69.56424581005587)]
CA008206490	[(1887, 19.087671232876712, 106.47945205479452)]
CA008300298	[(1883, -4.336986301369863, 87.36986301369863)]
CA008300441	[(1887, -11.876712328767123, 88.84657534246575)]
CA008403500	[(1887, 1.073972602739726, 89.90958904109588)]
CE000043497	[(1886, 233.31506849315068, 288.6011235955056)]
CE000434730	[(1880, 97.69850746268656, 187.34328358208955),]
CYE00100074	[(1888, 124.93169398907104, 257.57923497267757)]
DA000021100	[(1884, 57.87431693989071, 107.76775956284153)]
DA000025140	[(1882, 59.20879120879121, 109.73150684931507)]
DA000027080	[(1880, 43.314207650273225, 109.77322404371584),]
DA000030380	[(1880, 34.21584699453552, 113.31147540983606),]
DA000032030	[(1883, 50.78082191780822, 96.6082191780822)]
EI000003969	[(1889, 51.44931506849315, 127.73424657534247)]
EIE00101859	[(1888, 67.7817679558011, 133.2258953168044)]
EZE00100082	[(1883, 55.1945205479452, 122.53972602739726)]
FRE00104937	[(1885, NaN, 9990.0)]
GG000037545	[(1888, 77.92349726775956, 215.1413043478261)]
GLE00100981	[(1882, -104.91506849315068, NaN)]
GM000002698	[(1885, 51.3041095890411, 138.43561643835616)]
GM000003319	[(1882, 59.33150684931507, 137.9808219178082)]
GM000004063	[(1888, 34.45628415300546, 122.5464480874317)]
GM000004199	[(1881, 34.276712328767125, 119.81643835616438)]
GM000004204	[(1888, 29.453551912568305, 127.34699453551913)]
GM000010962	[(1880, 31.34426229508197, 99.86612021857924),]
GME00121258	[(1888, -10.229508196721312, 49.0655737704918)]
GMW00035032	[(1885, 53.8054794520548, 133.75342465753425)]
HR000142360	[(1888, 58.73497267759563, 139.34426229508196)]
HRE00105189	[(1880, 131.36338797814207, 192.9344262295082),]
ITE00100550	[(1884, 102.62021857923497, 166.47540983606558)]
ITE00100554	[(1880, 91.98087431693989, 175.07650273224044),]
KZ000035700	[(1881, 24.42608695652174, NaN)]
RSM00022550	[(1884, -31.76775956284153, 23.10655737704918)]
RSM00026063	[(1881, -8.347945205479451, 67.18956043956044)]
RSM00026477	[(1881, -25.818791946308725, 53.68227424749164)]
RSM00027857	[(1887, -7.6876712328767125, NaN)]
RSM00028440	[(1889, -108.23868312757202, 58.41917808219178)]
RSM00029348	[(1887, 94.0, 247.0)]
RSM00032061	[(1883, -54.704109589041096, NaN)]
RSM00032071	[(1888, -63.986149584487535, NaN)]
RSM00034880	[(1881, 48.72054794520548, 138.42191780821918)]
SZ000006717	[(1884, -41.24863387978142, 12.879781420765028)]
UK000000000	[(1886, 51.73972602739726, 122.87945205479453)]
UK000003026	[(1887, 45.64657534246575, 105.77260273972603)]
UK000047811	[(1883, 46.66575342465753, 121.46301369863014)]
UK000056225	[(1887, 46.00547945205479, 129.06849315068493)]
UPM00033345	[(1885, 34.56986301369863, 116.33424657534246)]
UPM00033587	[(1889, 16.19402985074627, 103.96417910447761)]
UPM00033910	[(1887, 62.26575342465753, NaN)]
UPM00033946	[(1887, 58.667655786350146, NaN)]
USC00015555	[(1880, 144.35792349726776, 242.68579234972677),]
USC00030936	[(1883, 191.14814814814815, 298.19417475728153)]
USC00034251	[(1880, 124.70604395604396, 217.84615384615384),]
USC00034988	[(1884, 91.95879120879121, 208.98901098901098)]
USC00035186	[(1887, 163.37878787878788, 300.29891304347825)]
USC00035754	[(1886, 182.11363636363637, 309.2134831460674)]
USC00043157	[(1887, 20.432876712328767, 164.04109589041096)]
USC00047738	[(1884, 120.98087431693989, 200.827868852459)]
USC00064767	[(1886, 35.76438356164383, 148.3972602739726)]
USC00092475	[(1886, -22.0, 289.0)]
USC00134049	[(1883, 87.68727272727273, 151.95636363636365)]
USC00171100	[(1888, 30.797385620915033, 117.51633986928104)]
USC00173046	[(1889, 34.3041095890411, 131.37534246575342)]
USC00176655	[(1886, -6.6490066225165565, 41.43046357615894)]
USC00176902	[(1888, 19.030054644808743, 101.08743169398907)]
USC00191097	[(1889, 52.11363636363637, 136.90027700831024)]
USC00191650	[(1888, 40.64754098360656, 121.57103825136612)]
USC00191820	[(1886, 36.184065934065934, 110.81868131868131)]
USC00194405	[(1887, 123.88586956521739, 191.52717391304347)]
USC00194875	[(1885, 7.558904109589041, 136.33698630136988)]
USC00195317	[(1887, -16.36842105263158, 81.02631578947368)]
USC00196770	[(1886, 48.90909090909091, 168.3262195121951)]
USC00196988	[(1887, 24.9010989010989, 107.08493150684932)]
USC00198375	[(1889, 45.136986301369866, 154.26301369863015)]
USC00200146	[(1888, -0.07923497267759563, 124.5)]
USC00260507	[(1887, -13.340659340659341, 91.17582417582418)]
USC00262030	[(1888, NaN, -140.16666666666666)]
USC00262383	[(1889, 121.44351464435147, 251.35537190082644)]
USC00262708	[(1888, 78.98897058823529, 218.5970695970696)]
USC00264939	[(1886, 29.66849315068493, 172.7780821917808)]
USC00269430	[(1889, 120.91358024691358, 246.52469135802468)]
USC00271682	[(1884, 26.674863387978142, 132.84972677595627)]
USC00287865	[(1883, 81.97032640949556, 155.57566765578636)]
USC00298072	[(1888, 37.73770491803279, 159.2054794520548)]
USC00301010	[(1887, 42.515068493150686, 126.9972602739726)]
USC00301207	[(1888, -72.57777777777778, 116.05405405405405)]
USC00313228	[(1882, NaN, -27.0)]
USC00319191	[(1889, 94.08611111111111, 202.8060941828255)]
USC00319462	[(1888, 122.5, 217.54644808743168)]
USC00331662	[(1883, 41.865753424657534, 132.32876712328766)]
USC00338366	[(1884, 55.69125683060109, 144.34972677595627)]
USC00343300	[(1888, 86.22527472527473, 216.1346153846154)]
USC00354670	[(1888, -12.547619047619047, 125.51968503937007)]
USC00367239	[(1889, 47.657534246575345, 161.98626373626374)]
USC00383742	[(1889, 133.11267605633802, 262.51173708920186)]
USC00411888	[(1883, 74.48148148148148, NaN)]
USC00413257	[(1882, 113.95541401273886, 243.38535031847132)]
USC00422996	[(1887, -378.2903225806452, -44.61290322580645)]
USC00431072	[(1887, -73.12037037037037, 92.36531365313652)]
USC00456109	[(1888, 55.885245901639344, 157.47540983606558)]
USC00474375	[(1880, 37.86612021857923, 131.75409836065575),]
USC00474966	[(1886, 25.67945205479452, 121.61917808219178)]
USC00475484	[(1887, 28.301369863013697, 117.12602739726027)]
USW00013724	[(1886, 69.33972602739726, 148.01643835616437)]
USW00013736	[(1880, 77.72131147540983, 171.68852459016392)]
USW00014838	[(1888, -10.327868852459016, 75.5792349726776)]
USW00014936	[(1883, -10.898630136986302, 114.93698630136986)]
USW00023068	[(1884, 64.97005988023952, 180.53592814371257)]
USW00023271	[(1882, 93.37362637362638, 212.28021978021977)]
USW00024128	[(1883, -29.64457831325301, 123.53012048192771)]
USW00024274	[(1887, 65.4986301369863, 162.06849315068493)]
USW00053875	[(1887, 104.66027397260274, 215.75068493150684)]
USW00093725	[(1880, 82.8224043715847, 184.05191256830602),]
USW00093820	[(1887, -11.491803278688524, 95.09836065573771)]
USW00093852	[(1882, 174.90684931506848, 258.6082191780822)]
USW00094728	[(1885, 64.59452054794521, 143.36712328767123)]
UZM00038457	[(1882, 104.96026490066225, 198.76923076923077)]
UZM00038618	[(1883, 68.41643835616438, NaN)]
