AGE00147705	[(1887, 145.2, 228.2277777777778)]
AGE00147711	[(1887, 93.9275766016713, 215.0)]
AGE00147712	[(1886, NaN, 170.0)]
AGE00147716	[(1882, 102.51506849315068, 226.85474860335196)]
AGE00147717	[(1881, 87.36712328767123, 248.38082191780822)]
AGE00147718	[(1880, 147.88251366120218, 306.6078431372549),]
AGE00147719	[(1888, 93.06590257879657, 265.2011494252874)]
ASN00014016	[(1887, 227.14246575342466, 325.87397260273974)]
ASN00015540	[(1881, 133.05205479452056, 303.55890410958904)]
ASN00026026	[(1886, 91.87945205479453, 187.35616438356163)]
ASN00048013	[(1883, 145.31666666666666, 288.65277777777777)]
ASN00048030	[(1887, 105.58630136986301, 284.56986301369864)]
ASN00052026	[(1887, 123.75342465753425, 253.61904761904762)]
ASN00055023	[(1887, 116.90283400809717, 231.05263157894737)]
ASN00056017	[(1886, 100.75637393767705, 230.6590909090909)]
ASN00063004	[(1883, 58.86821705426357, 203.09652509652508)]
ASN00065016	[(1884, 84.03825136612022, 241.94808743169398)]
ASN00066062	[(1885, 137.92876712328768, 215.85205479452054)]
ASN00072151	[(1883, 49.28957528957529, 227.58687258687257)]
ASN00074128	[(1886, 69.2508038585209, 269.46945337620576)]
ASN00086071	[(1883, 97.67123287671232, 199.92054794520547)]
ASN00090015	[(1887, 106.01652892561984, 182.4251700680272)]
ASN00094029	[(1884, 76.4478021978022, 165.17403314917127)]
AU000005010	[(1881, 40.084931506849315, 111.52602739726028)]
AU000005901	[(1884, 56.595628415300546, 135.52732240437157)]
AU000006306	[(1884, 56.71311475409836, 141.04918032786884)]
AU000011801	[(1882, 37.827397260273976, 136.1123287671233)]
BE000006447	[(1888, 44.385245901639344, 117.39344262295081)]
CA001066336	[(1889, 37.21369863013699, 115.3013698630137)]
CA001105550	[(1882, -19.796610169491526, 30.016949152542374)]
CA001167635	[(1888, 57.858108108108105, 166.77027027027026)]
CA003012195	[(1886, -53.556164383561644, 83.16712328767123)]
CA003031093	[(1888, -37.97540983606557, 91.42622950819673)]
CA003033879	[(1886, 35.877450980392155, 168.83333333333334)]
CA003072145	[(1882, -81.19263456090651, 70.77259475218659)]
CA003072657	[(1886, -89.40495867768595, -4.002754820936639)]
CA004016560	[(1888, -308.741935483871, -203.67741935483872)]
CA004028035	[(1888, -45.978142076502735, 90.02185792349727)]
CA004056230	[(1887, -88.30258302583026, 65.12177121771218)]
CA005011760	[(1880, No TMIN Record Found, -144.05882352941177),]
CA005022547	[(1881, -53.50410958904109, 77.06027397260274)]
CA005022790	[(1881, -39.51304347826087, 105.46666666666667)]
CA005023243	[(1887, -73.5041095890411, 63.92054794520548)]
CA005063350	[(1881, -118.65205479452055, -18.378082191780823)]
CA006046588	[(1887, -49.76986301369863, 63.989041095890414)]
CA006055095	[(1882, -35.78260869565217, 50.09782608695652)]
CA006085023	[(1882, 88.64, 217.12)]
CA006085682	[(1889, -26.9811320754717, 109.08962264150944)]
CA006094450	[(1887, -7.598337950138504, 101.16388888888889)]
CA006101658	[(1888, 17.536723163841806, 145.3370786516854)]
CA006101872	[(1881, 14.136986301369863, 120.79452054794521)]
CA006102417	[(1882, -10.03323262839879, 121.87987012987013)]
CA006104185	[(1884, 16.497267759562842, 106.96448087431693)]
CA006105887	[(1886, -8.906849315068493, 92.42465753424658)]
CA006106362	[(1888, -92.5031055900621, 25.012422360248447)]
CA006107003	[(1886, -21.5, 107.96338028169014)]
CA006108060	[(1882, -26.4027397260274, 98.37808219178082)]
CA006110549	[(1886, -0.3259668508287293, 113.8393351800554)]
CA006110605	[(1881, -12.126027397260273, 116.79178082191781)]
CA006113000	[(1880, 0.13424657534246576, 110.23013698630137),]
CA006116128	[(1881, 20.136986301369863, 128.03013698630136)]
CA006116254	[(1884, -14.841530054644808, 101.39344262295081)]
CA006120315	[(1885, -0.13424657534246576, 105.11780821917809)]
CA006122845	[(1881, 36.55068493150685, 119.78356164383561)]
CA006124127	[(1880, 33.78947368421053, 127.90883977900552),]
CA006124700	[(1889, 22.254794520547946, 124.04109589041096)]
CA006127887	[(1885, -10.027397260273972, 91.7068493150685)]
CA006129850	[(1884, 12.1448087431694, 120.78688524590164)]
CA006136643	[(1880, 40.46448087431694, 121.37978142076503),]
CA006136694	[(1886, 21.583561643835615, 125.08493150684932)]
CA006137735	[(1883, 8.968152866242038, 119.56687898089172)]
CA006139445	[(1880, -3.1311475409836067, 74.78703703703704)]
CA006139520	[(1886, 25.156549520766774, 144.89456869009584)]
CA006140941	[(1881, 74.35249042145594, 202.05343511450383)]
CA006141095	[(1883, -5.837988826815643, 103.12813370473538)]
CA006141843	[(1885, -17.28767123287671, 100.03561643835616)]
CA006142284	[(1882, 7.8273972602739725, 108.92328767123287)]
CA006142993	[(1884, 11.92876712328767, 120.99178082191781)]
CA006143083	[(1887, 6.016483516483516, 121.9641873278237)]
CA006144470	[(1883, 0.6646884272997032, 112.87761194029851)]
CA006148100	[(1883, -5.742465753424658, 104.17260273972603)]
CA006148120	[(1884, -1.6064139941690962, 112.74635568513119)]
CA006149625	[(1888, -1.6830601092896176, 114.36338797814207)]
CA006150243	[(1888, -18.060109289617486, 92.33333333333333)]
CA006150913	[(1887, 6.337078651685394, 118.50140845070422)]
CA006152007	[(1885, -1.4116022099447514, 105.52486187845304)]
CA006153192	[(1882, 13.64931506849315, 140.24383561643836)]
CA006155876	[(1889, 20.575342465753426, 121.56712328767124)]
CA006158350	[(1881, 32.93150684931507, 124.21369863013699)]
CA006164297	[(1883, -17.370588235294118, 155.65437788018434)]
CA006164430	[(1882, -0.6328767123287671, 113.94520547945206)]
CA006165716	[(1880, 9.114369501466276, 116.02932551319648),]
CA006166416	[(1882, 6.112179487179487, 122.7724358974359)]
CA007016280	[(1882, -17.16986301369863, 81.94794520547946)]
CA007021952	[(1880, -22.707650273224044, 88.28142076502732),]
CA007021954	[(1887, -11.74251497005988, 112.23652694610779)]
CA007023240	[(1888, -6.560109289617486, 87.05737704918033)]
CA007024280	[(1889, -10.550595238095237, 99.92307692307692)]
CA007025280	[(1888, 3.2240437158469946, 85.93989071038251)]
CA007026465	[(1885, -36.172602739726024, 94.18082191780822)]
CA007050200	[(1886, -5.720547945205479, 49.608219178082194)]
CA007050790	[(1887, -4.249315068493151, 65.6109589041096)]
CA007056067	[(1881, -22.336088154269973, 67.3030303030303)]
CA007061440	[(1887, -39.87536231884058, 72.59428571428572)]
CA007066688	[(1889, -21.87945205479452, 73.84657534246575)]
CA008100500	[(1888, -24.799418604651162, 101.84507042253522)]
CA008100990	[(1887, -22.106849315068494, 98.11780821917809)]
CA008101170	[(1887, -27.80979827089337, 77.05763688760807)]
CA008101700	[(1882, -17.356164383561644, 103.88493150684931)]
CA008101920	[(1887, 8.64931506849315, 102.35890410958905)]
CA008103825	[(1887, -11.937125748502995, 100.26726726726727)]
CA008104600	[(1886, 4.671232876712328, 105.6082191780822)]
CA008104800	[(1881, 14.835616438356164, 87.23835616438356)]
CA008200150	[(1880, -57.935483870967744, NaN)]
CA008202198	[(1881, 20.21095890410959, 106.93972602739726)]
CA008204420	[(1885, 15.794520547945206, 112.07397260273973)]
CA008204480	[(1888, -33.32258064516129, 25.225806451612904)]
CA008205698	[(1888, 6.7349726775956285, 97.47814207650273)]
CA008205988	[(1880, -6.401639344262295, 113.03825136612022),]
CA008206490	[(1882, 22.569014084507042, 91.75071633237822)]
CA008300441	[(1882, -10.746438746438747, 82.80626780626781)]
CA008401125	[(1881, -7.678571428571429, NaN)]
CA008403500	[(1882, -6.120547945205479, 88.59178082191781)]
CA008500500	[(1887, -38.31232876712329, 5.958904109589041)]
CE000043497	[(1881, 239.47671232876712, 302.8493150684931)]
CE000434730	[(1884, 94.50546448087432, 194.4945355191257)]
CYE00100074	[(1883, 67.87037037037037, 262.36164383561646)]
DA000021100	[(1888, 38.98082191780822, 87.04918032786885)]
DA000025140	[(1886, 46.032876712328765, 100.41917808219178)]
DA000027080	[(1884, 56.46174863387978, 109.13387978142076)]
DA000030380	[(1884, 45.35245901639344, 121.1584699453552)]
DA000032030	[(1887, 51.49589041095891, 99.64931506849315)]
EGE00147726	[(1885, 129.3013698630137, 252.0191780821918)]
EGE00147732	[(1885, 155.81643835616438, 272.23835616438356)]
EI000003969	[(1884, 53.72950819672131, 130.72677595628414)]
EIE00101859	[(1883, 65.11849710982659, 129.71098265895955)]
EZE00100082	[(1887, 48.942465753424656, 116.68219178082192)]
FRE00104937	[(1880, No TMIN Record Found, 9990.0),]
GG000037545	[(1883, 75.44383561643835, NaN)]
GLE00100981	[(1886, -104.61369863013698, NaN)]
GM000002698	[(1880, 57.15573770491803, 142.3087431693989),]
GM000003319	[(1886, 39.0027397260274, 131.13972602739727)]
GM000004063	[(1883, 43.945205479452056, 130.586301369863)]
GM000004199	[(1885, 36.31780821917808, 125.8054794520548)]
GM000004204	[(1883, 36.85205479452055, 134.2931506849315)]
GM000010962	[(1884, 28.382513661202186, 103.2896174863388)]
GMW00035032	[(1880, 60.59836065573771, 142.06284153005464),]
HR000142360	[(1883, 64.2904109589041, 143.77534246575343)]
HRE00105189	[(1884, 126.95081967213115, 194.35245901639345)]
ITE00100550	[(1888, 92.33879781420765, 170.06284153005464)]
ITE00100554	[(1884, 88.87158469945355, 173.54098360655738)]
KZ000035700	[(1885, -0.8114754098360656, 43.08139534883721)]
RSM00022550	[(1888, -40.10655737704918, 17.956284153005466)]
RSM00023711	[(1888, -66.14851485148515, NaN)]
RSM00026063	[(1885, 3.484931506849315, 78.12328767123287)]
RSM00026477	[(1885, 20.38719512195122, 107.60550458715596)]
RSM00027857	[(1882, -7.542465753424658, NaN)]
RSM00029263	[(1886, -66.7013698630137, NaN)]
RSM00030710	[(1888, -86.73770491803279, 55.71584699453552)]
RSM00031369	[(1886, -61.00568181818182, NaN)]
RSM00032061	[(1887, -53.52054794520548, NaN)]
RSM00034880	[(1885, 46.37808219178082, 150.33972602739726)]
RSM00037472	[(1885, 53.983108108108105, NaN)]
SZ000002220	[(1885, -37.747252747252745, 16.365384615384617)]
SZ000006717	[(1888, -52.240437158469945, 17.23224043715847)]
TS000060765	[(1887, 122.47802197802197, 258.532967032967)]
TSE00147769	[(1886, 140.3840579710145, 233.2626728110599)]
TSE00147775	[(1886, 168.51282051282053, 254.18367346938774)]
UK000000000	[(1881, 48.88767123287671, 122.83013698630137)]
UK000003026	[(1882, 51.1945205479452, 107.4423076923077)]
UK000047811	[(1887, 46.45205479452055, 123.67945205479452)]
UK000056225	[(1882, 64.47397260273972, 138.3041095890411)]
UPM00033345	[(1889, 32.038356164383565, 112.4931506849315)]
UPM00033889	[(1888, 46.723287671232875, 192.6)]
USC00015555	[(1884, 133.6120218579235, 242.1120218579235)]
USC00030936	[(1887, 215.51470588235293, 326.09027777777777)]
USC00033466	[(1889, 99.80494505494505, 246.20520231213874)]
USC00034251	[(1884, 116.27671232876712, 218.35068493150686)]
USC00034562	[(1885, 154.0193548387097, 311.5388888888889)]
USC00043157	[(1882, 23.240816326530613, 184.34057971014494)]
USC00046115	[(1888, 175.22282608695653, 320.6358695652174)]
USC00047738	[(1888, 131.82513661202185, 199.18032786885246)]
USC00053010	[(1881, -39.02465753424657, 124.25205479452055)]
USC00064767	[(1881, 42.8027397260274, 153.1095890410959)]
USC00065445	[(1884, -44.40816326530612, 36.208333333333336)]
USC00067361	[(1885, 24.964285714285715, 132.81593406593407)]
USC00090430	[(1886, 92.55068493150685, 203.45205479452054)]
USC00134049	[(1887, 44.4027397260274, 111.85753424657534)]
USC00144559	[(1880, 48.94505494505494, 91.42857142857143)]
USC00172740	[(1887, -3.9461756373937678, 123.90462427745665)]
USC00174230	[(1888, -6.509578544061303, 74.6526717557252)]
USC00175070	[(1885, 118.38709677419355, 239.21875)]
USC00176902	[(1883, 33.989041095890414, 125.42191780821918)]
USC00190595	[(1888, 8.350819672131147, 94.11475409836065)]
USC00191097	[(1884, -26.216666666666665, 59.56666666666667)]
USC00192010	[(1886, -15.75414364640884, 4.387096774193548)]
USC00193110	[(1887, 7.976109215017065, 117.36054421768708)]
USC00193625	[(1888, 20.24858757062147, 383.0)]
USC00194295	[(1887, 51.413698630136984, 132.56986301369864)]
USC00194340	[(1887, 12.613698630136986, 133.92328767123288)]
USC00194360	[(1888, 36.48087431693989, 115.17486338797814)]
USC00194760	[(1887, -47.3728813559322, 38.260504201680675)]
USC00194795	[(1888, 25.161643835616438, 125.94808743169399)]
USC00194875	[(1889, 40.49258160237389, 160.4807121661721)]
USC00198374	[(1885, 71.64673913043478, 176.79738562091504)]
USC00198375	[(1884, -18.016393442622952, 82.1311475409836)]
USC00198960	[(1887, 25.35542168674699, 146.10919540229884)]
USC00200032	[(1889, 6.372093023255814, 118.8543046357616)]
USC00207097	[(1889, 46.596774193548384, 155.43548387096774)]
USC00215638	[(1886, -9.591780821917808, 103.41208791208791)]
USC00241418	[(1882, -78.0, -11.0)]
USC00268349	[(1888, -20.283185840707965, 127.92035398230088)]
USC00268761	[(1887, -60.645161290322584, 74.1923076923077)]
USC00270690	[(1887, -29.22099447513812, 123.35714285714286)]
USC00271678	[(1886, 24.942465753424656, 132.8027397260274)]
USC00271682	[(1888, 17.669398907103826, 120.96174863387978)]
USC00275072	[(1885, 62.70909090909091, 179.57818181818183)]
USC00275712	[(1887, 19.70958904109589, 137.63835616438357)]
USC00278440	[(1886, 30.936893203883496, 178.1504854368932)]
USC00278854	[(1886, 0.949438202247191, 113.87845303867404)]
USC00278875	[(1886, -106.03389830508475, -32.13559322033898)]
USC00288878	[(1888, 90.25956284153006, 158.39617486338798)]
USC00298072	[(1883, 3.915151515151515, 128.35151515151514)]
USC00300958	[(1886, 30.184782608695652, 119.27173913043478)]
USC00301010	[(1882, 46.915068493150685, 119.23561643835616)]
USC00307633	[(1886, 63.057534246575344, 142.0191780821918)]
USC00319462	[(1883, 133.56986301369864, 225.17808219178082)]
USC00331662	[(1887, 49.23013698630137, 141.4794520547945)]
USC00338366	[(1888, 39.459016393442624, 134.34699453551912)]
USC00343300	[(1883, 93.0702479338843, 223.34297520661158)]
USC00367239	[(1884, 1.6065573770491803, 209.34426229508196)]
USC00383742	[(1884, 147.17757009345794, 286.55607476635515)]
USC00411888	[(1887, 61.43396226415094, NaN)]
USC00419421	[(1884, 185.08095238095237, 307.0379146919431)]
USC00435733	[(1889, 9.101369863013698, 112.40821917808219)]
USC00456109	[(1883, 52.397260273972606, 146.74246575342465)]
USC00463100	[(1882, -14.107142857142858, 97.78571428571429)]
USC00464045	[(1885, 40.273972602739725, 148.18406593406593)]
USC00466207	[(1883, -21.355555555555554, 77.16666666666667)]
USC00474375	[(1884, 31.6775956284153, 117.8360655737705)]
USC00474966	[(1881, 41.323287671232876, 133.4904109589041)]
USC00475484	[(1882, 48.4027397260274, 124.89315068493151)]
USC00486120	[(1881, 211.0, 44.0)]
USW00012945	[(1886, 197.00980392156862, 306.4019607843137)]
USW00013724	[(1881, 79.68767123287671, 150.9095890410959)]
USW00013984	[(1888, 45.377049180327866, 175.02459016393442)]
USW00014838	[(1883, -32.83287671232877, 82.01369863013699)]
USW00014898	[(1886, -9.049180327868852, 82.71311475409836)]
USW00014936	[(1887, -13.158904109589042, 121.62465753424658)]
USW00023068	[(1888, 59.680851063829785, 222.2127659574468)]
USW00023271	[(1886, 94.27222222222223, 217.825)]
USW00024128	[(1887, 7.306849315068493, 178.73150684931508)]
USW00024274	[(1882, 69.46301369863014, 162.013698630137)]
USW00053875	[(1882, 115.97534246575343, 208.42739726027398)]
USW00053919	[(1886, 174.6457142857143, 306.1333333333333)]
USW00093725	[(1884, 81.10382513661202, 182.10382513661202)]
USW00093852	[(1886, 155.86575342465753, 245.43561643835616)]
USW00094728	[(1880, 75.76229508196721, 157.06284153005464),]
